1.000000 3.342226 
2.000000 3.342155 
3.000000 3.342084 
4.000000 3.342013 
5.000000 3.341941 
6.000000 3.341869 
7.000000 3.341796 
8.000000 3.341723 
9.000000 3.341650 
10.000000 3.341576 
11.000000 3.341501 
12.000000 3.341426 
13.000000 3.341351 
14.000000 3.341275 
15.000000 3.341199 
16.000000 3.341123 
17.000000 3.341046 
18.000000 3.340968 
19.000000 3.340890 
20.000000 3.340812 
21.000000 3.340733 
22.000000 3.340654 
23.000000 3.340574 
24.000000 3.340494 
25.000000 3.340413 
26.000000 3.340332 
27.000000 3.340250 
28.000000 3.340168 
29.000000 3.340085 
30.000000 3.340002 
31.000000 3.339919 
32.000000 3.339835 
33.000000 3.339750 
34.000000 3.339665 
35.000000 3.339579 
36.000000 3.339493 
37.000000 3.339407 
38.000000 3.339320 
39.000000 3.339232 
40.000000 3.339144 
41.000000 3.339055 
42.000000 3.338966 
43.000000 3.338877 
44.000000 3.338787 
45.000000 3.338696 
46.000000 3.338605 
47.000000 3.338513 
48.000000 3.338421 
49.000000 3.338328 
50.000000 3.338234 
51.000000 3.338140 
52.000000 3.338046 
53.000000 3.337951 
54.000000 3.337855 
55.000000 3.337759 
56.000000 3.337663 
57.000000 3.337565 
58.000000 3.337467 
59.000000 3.337369 
60.000000 3.337270 
61.000000 3.337171 
62.000000 3.337070 
63.000000 3.336970 
64.000000 3.336868 
65.000000 3.336767 
66.000000 3.336664 
67.000000 3.336561 
68.000000 3.336457 
69.000000 3.336353 
70.000000 3.336248 
71.000000 3.336143 
72.000000 3.336037 
73.000000 3.335930 
74.000000 3.335823 
75.000000 3.335715 
76.000000 3.335606 
77.000000 3.335497 
78.000000 3.335387 
79.000000 3.335276 
80.000000 3.335165 
81.000000 3.335053 
82.000000 3.334941 
83.000000 3.334828 
84.000000 3.334714 
85.000000 3.334600 
86.000000 3.334485 
87.000000 3.334369 
88.000000 3.334253 
89.000000 3.334136 
90.000000 3.334018 
91.000000 3.333899 
92.000000 3.333780 
93.000000 3.333660 
94.000000 3.333540 
95.000000 3.333419 
96.000000 3.333297 
97.000000 3.333174 
98.000000 3.333051 
99.000000 3.332927 
100.000000 3.332802 
101.000000 3.332676 
102.000000 3.332550 
103.000000 3.332423 
104.000000 3.332295 
105.000000 3.332167 
106.000000 3.332038 
107.000000 3.331908 
108.000000 3.331777 
109.000000 3.331645 
110.000000 3.331513 
111.000000 3.331380 
112.000000 3.331246 
113.000000 3.331112 
114.000000 3.330977 
115.000000 3.330840 
116.000000 3.330704 
117.000000 3.330566 
118.000000 3.330427 
119.000000 3.330288 
120.000000 3.330148 
121.000000 3.330007 
122.000000 3.329865 
123.000000 3.329723 
124.000000 3.329579 
125.000000 3.329435 
126.000000 3.329290 
127.000000 3.329144 
128.000000 3.328997 
129.000000 3.328850 
130.000000 3.328701 
131.000000 3.328552 
132.000000 3.328402 
133.000000 3.328251 
134.000000 3.328099 
135.000000 3.327946 
136.000000 3.327792 
137.000000 3.327638 
138.000000 3.327482 
139.000000 3.327326 
140.000000 3.327168 
141.000000 3.327010 
142.000000 3.326851 
143.000000 3.326691 
144.000000 3.326530 
145.000000 3.326368 
146.000000 3.326205 
147.000000 3.326041 
148.000000 3.325877 
149.000000 3.325711 
150.000000 3.325544 
151.000000 3.325377 
152.000000 3.325208 
153.000000 3.325039 
154.000000 3.324868 
155.000000 3.324697 
156.000000 3.324524 
157.000000 3.324351 
158.000000 3.324176 
159.000000 3.324001 
160.000000 3.323824 
161.000000 3.323647 
162.000000 3.323468 
163.000000 3.323288 
164.000000 3.323108 
165.000000 3.322926 
166.000000 3.322743 
167.000000 3.322559 
168.000000 3.322374 
169.000000 3.322188 
170.000000 3.322001 
171.000000 3.321813 
172.000000 3.321624 
173.000000 3.321434 
174.000000 3.321242 
175.000000 3.321050 
176.000000 3.320856 
177.000000 3.320661 
178.000000 3.320466 
179.000000 3.320269 
180.000000 3.320071 
181.000000 3.319871 
182.000000 3.319671 
183.000000 3.319469 
184.000000 3.319267 
185.000000 3.319063 
186.000000 3.318858 
187.000000 3.318651 
188.000000 3.318444 
189.000000 3.318235 
190.000000 3.318026 
191.000000 3.317815 
192.000000 3.317602 
193.000000 3.317389 
194.000000 3.317174 
195.000000 3.316958 
196.000000 3.316741 
197.000000 3.316523 
198.000000 3.316303 
199.000000 3.316083 
200.000000 3.315860 
201.000000 3.315637 
202.000000 3.315412 
203.000000 3.315186 
204.000000 3.314959 
205.000000 3.314731 
206.000000 3.314501 
207.000000 3.314270 
208.000000 3.314037 
209.000000 3.313803 
210.000000 3.313568 
211.000000 3.313332 
212.000000 3.313094 
213.000000 3.312855 
214.000000 3.312614 
215.000000 3.312372 
216.000000 3.312129 
217.000000 3.311884 
218.000000 3.311638 
219.000000 3.311391 
220.000000 3.311142 
221.000000 3.310891 
222.000000 3.310640 
223.000000 3.310386 
224.000000 3.310132 
225.000000 3.309876 
226.000000 3.309618 
227.000000 3.309359 
228.000000 3.309099 
229.000000 3.308837 
230.000000 3.308573 
231.000000 3.308308 
232.000000 3.308042 
233.000000 3.307774 
234.000000 3.307504 
235.000000 3.307233 
236.000000 3.306960 
237.000000 3.306686 
238.000000 3.306411 
239.000000 3.306133 
240.000000 3.305854 
241.000000 3.305574 
242.000000 3.305292 
243.000000 3.305008 
244.000000 3.304723 
245.000000 3.304436 
246.000000 3.304148 
247.000000 3.303858 
248.000000 3.303566 
249.000000 3.303272 
250.000000 3.302977 
251.000000 3.302680 
252.000000 3.302382 
253.000000 3.302082 
254.000000 3.301780 
255.000000 3.301476 
256.000000 3.301171 
257.000000 3.300864 
258.000000 3.300555 
259.000000 3.300244 
260.000000 3.299932 
261.000000 3.299618 
262.000000 3.299302 
263.000000 3.298984 
264.000000 3.298665 
265.000000 3.298343 
266.000000 3.298020 
267.000000 3.297695 
268.000000 3.297369 
269.000000 3.297040 
270.000000 3.296709 
271.000000 3.296377 
272.000000 3.296043 
273.000000 3.295707 
274.000000 3.295368 
275.000000 3.295028 
276.000000 3.294687 
277.000000 3.294343 
278.000000 3.293997 
279.000000 3.293649 
280.000000 3.293299 
281.000000 3.292948 
282.000000 3.292594 
283.000000 3.292238 
284.000000 3.291881 
285.000000 3.291521 
286.000000 3.291159 
287.000000 3.290795 
288.000000 3.290430 
289.000000 3.290062 
290.000000 3.289692 
291.000000 3.289320 
292.000000 3.288945 
293.000000 3.288569 
294.000000 3.288191 
295.000000 3.287810 
296.000000 3.287428 
297.000000 3.287043 
298.000000 3.286656 
299.000000 3.286267 
300.000000 3.285875 
301.000000 3.285482 
302.000000 3.285086 
303.000000 3.284688 
304.000000 3.284288 
305.000000 3.283885 
306.000000 3.283480 
307.000000 3.283073 
308.000000 3.282664 
309.000000 3.282252 
310.000000 3.281839 
311.000000 3.281422 
312.000000 3.281004 
313.000000 3.280583 
314.000000 3.280160 
315.000000 3.279734 
316.000000 3.279306 
317.000000 3.278876 
318.000000 3.278443 
319.000000 3.278008 
320.000000 3.277570 
321.000000 3.277130 
322.000000 3.276687 
323.000000 3.276242 
324.000000 3.275795 
325.000000 3.275345 
326.000000 3.274892 
327.000000 3.274437 
328.000000 3.273980 
329.000000 3.273520 
330.000000 3.273057 
331.000000 3.272592 
332.000000 3.272124 
333.000000 3.271653 
334.000000 3.271180 
335.000000 3.270705 
336.000000 3.270227 
337.000000 3.269746 
338.000000 3.269262 
339.000000 3.268776 
340.000000 3.268287 
341.000000 3.267795 
342.000000 3.267301 
343.000000 3.266804 
344.000000 3.266304 
345.000000 3.265801 
346.000000 3.265296 
347.000000 3.264788 
348.000000 3.264277 
349.000000 3.263763 
350.000000 3.263246 
351.000000 3.262727 
352.000000 3.262205 
353.000000 3.261679 
354.000000 3.261151 
355.000000 3.260620 
356.000000 3.260087 
357.000000 3.259550 
358.000000 3.259010 
359.000000 3.258467 
360.000000 3.257922 
361.000000 3.257373 
362.000000 3.256822 
363.000000 3.256267 
364.000000 3.255709 
365.000000 3.255149 
366.000000 3.254585 
367.000000 3.254018 
368.000000 3.253449 
369.000000 3.252876 
370.000000 3.252300 
371.000000 3.251720 
372.000000 3.251138 
373.000000 3.250552 
374.000000 3.249964 
375.000000 3.249372 
376.000000 3.248777 
377.000000 3.248178 
378.000000 3.247577 
379.000000 3.246972 
380.000000 3.246364 
381.000000 3.245752 
382.000000 3.245137 
383.000000 3.244519 
384.000000 3.243897 
385.000000 3.243273 
386.000000 3.242644 
387.000000 3.242013 
388.000000 3.241377 
389.000000 3.240739 
390.000000 3.240097 
391.000000 3.239451 
392.000000 3.238802 
393.000000 3.238150 
394.000000 3.237493 
395.000000 3.236834 
396.000000 3.236171 
397.000000 3.235504 
398.000000 3.234833 
399.000000 3.234159 
400.000000 3.233482 
401.000000 3.232800 
402.000000 3.232115 
403.000000 3.231427 
404.000000 3.230734 
405.000000 3.230038 
406.000000 3.229338 
407.000000 3.228634 
408.000000 3.227927 
409.000000 3.227215 
410.000000 3.226500 
411.000000 3.225781 
412.000000 3.225059 
413.000000 3.224332 
414.000000 3.223601 
415.000000 3.222867 
416.000000 3.222128 
417.000000 3.221386 
418.000000 3.220639 
419.000000 3.219889 
420.000000 3.219134 
421.000000 3.218376 
422.000000 3.217613 
423.000000 3.216847 
424.000000 3.216076 
425.000000 3.215301 
426.000000 3.214522 
427.000000 3.213739 
428.000000 3.212952 
429.000000 3.212161 
430.000000 3.211365 
431.000000 3.210565 
432.000000 3.209761 
433.000000 3.208953 
434.000000 3.208140 
435.000000 3.207323 
436.000000 3.206502 
437.000000 3.205676 
438.000000 3.204846 
439.000000 3.204012 
440.000000 3.203173 
441.000000 3.202330 
442.000000 3.201482 
443.000000 3.200630 
444.000000 3.199773 
445.000000 3.198912 
446.000000 3.198047 
447.000000 3.197176 
448.000000 3.196302 
449.000000 3.195422 
450.000000 3.194538 
451.000000 3.193650 
452.000000 3.192757 
453.000000 3.191859 
454.000000 3.190956 
455.000000 3.190049 
456.000000 3.189137 
457.000000 3.188220 
458.000000 3.187299 
459.000000 3.186372 
460.000000 3.185441 
461.000000 3.184505 
462.000000 3.183564 
463.000000 3.182619 
464.000000 3.181668 
465.000000 3.180713 
466.000000 3.179752 
467.000000 3.178787 
468.000000 3.177816 
469.000000 3.176841 
470.000000 3.175861 
471.000000 3.174875 
472.000000 3.173885 
473.000000 3.172889 
474.000000 3.171888 
475.000000 3.170882 
476.000000 3.169871 
477.000000 3.168855 
478.000000 3.167834 
479.000000 3.166807 
480.000000 3.165775 
481.000000 3.164738 
482.000000 3.163696 
483.000000 3.162648 
484.000000 3.161595 
485.000000 3.160537 
486.000000 3.159473 
487.000000 3.158404 
488.000000 3.157330 
489.000000 3.156250 
490.000000 3.155164 
491.000000 3.154073 
492.000000 3.152977 
493.000000 3.151875 
494.000000 3.150767 
495.000000 3.149654 
496.000000 3.148536 
497.000000 3.147412 
498.000000 3.146282 
499.000000 3.145146 
500.000000 3.144005 
501.000000 3.142858 
502.000000 3.141705 
503.000000 3.140547 
504.000000 3.139383 
505.000000 3.138213 
506.000000 3.137037 
507.000000 3.135855 
508.000000 3.134668 
509.000000 3.133474 
510.000000 3.132275 
511.000000 3.131070 
512.000000 3.129859 
513.000000 3.128641 
514.000000 3.127418 
515.000000 3.126189 
516.000000 3.124954 
517.000000 3.123712 
518.000000 3.122465 
519.000000 3.121211 
520.000000 3.119952 
521.000000 3.118686 
522.000000 3.117414 
523.000000 3.116135 
524.000000 3.114851 
525.000000 3.113560 
526.000000 3.112263 
527.000000 3.110960 
528.000000 3.109650 
529.000000 3.108334 
530.000000 3.107011 
531.000000 3.105682 
532.000000 3.104347 
533.000000 3.103005 
534.000000 3.101657 
535.000000 3.100302 
536.000000 3.098941 
537.000000 3.097573 
538.000000 3.096199 
539.000000 3.094818 
540.000000 3.093430 
541.000000 3.092036 
542.000000 3.090635 
543.000000 3.089227 
544.000000 3.087813 
545.000000 3.086392 
546.000000 3.084964 
547.000000 3.083529 
548.000000 3.082088 
549.000000 3.080639 
550.000000 3.079184 
551.000000 3.077722 
552.000000 3.076253 
553.000000 3.074777 
554.000000 3.073294 
555.000000 3.071804 
556.000000 3.070307 
557.000000 3.068803 
558.000000 3.067292 
559.000000 3.065774 
560.000000 3.064249 
561.000000 3.062717 
562.000000 3.061178 
563.000000 3.059633 
564.000000 3.058080 
565.000000 3.056520 
566.000000 3.054953 
567.000000 3.053378 
568.000000 3.051797 
569.000000 3.050208 
570.000000 3.048612 
571.000000 3.047009 
572.000000 3.045398 
573.000000 3.043781 
574.000000 3.042155 
575.000000 3.040523 
576.000000 3.038883 
577.000000 3.037235 
578.000000 3.035580 
579.000000 3.033918 
580.000000 3.032247 
581.000000 3.030570 
582.000000 3.028885 
583.000000 3.027192 
584.000000 3.025491 
585.000000 3.023783 
586.000000 3.022067 
587.000000 3.020343 
588.000000 3.018612 
589.000000 3.016873 
590.000000 3.015126 
591.000000 3.013371 
592.000000 3.011608 
593.000000 3.009837 
594.000000 3.008059 
595.000000 3.006272 
596.000000 3.004478 
597.000000 3.002675 
598.000000 3.000865 
599.000000 2.999046 
600.000000 2.997219 
601.000000 2.995385 
602.000000 2.993542 
603.000000 2.991691 
604.000000 2.989832 
605.000000 2.987964 
606.000000 2.986089 
607.000000 2.984205 
608.000000 2.982313 
609.000000 2.980413 
610.000000 2.978504 
611.000000 2.976587 
612.000000 2.974662 
613.000000 2.972728 
614.000000 2.970786 
615.000000 2.968836 
616.000000 2.966877 
617.000000 2.964910 
618.000000 2.962934 
619.000000 2.960950 
620.000000 2.958957 
621.000000 2.956956 
622.000000 2.954947 
623.000000 2.952928 
624.000000 2.950901 
625.000000 2.948866 
626.000000 2.946822 
627.000000 2.944769 
628.000000 2.942708 
629.000000 2.940638 
630.000000 2.938559 
631.000000 2.936472 
632.000000 2.934375 
633.000000 2.932271 
634.000000 2.930157 
635.000000 2.928035 
636.000000 2.925903 
637.000000 2.923763 
638.000000 2.921615 
639.000000 2.919457 
640.000000 2.917291 
641.000000 2.915115 
642.000000 2.912931 
643.000000 2.910738 
644.000000 2.908536 
645.000000 2.906325 
646.000000 2.904106 
647.000000 2.901877 
648.000000 2.899639 
649.000000 2.897393 
650.000000 2.895137 
651.000000 2.892872 
652.000000 2.890599 
653.000000 2.888316 
654.000000 2.886025 
655.000000 2.883724 
656.000000 2.881414 
657.000000 2.879095 
658.000000 2.876768 
659.000000 2.874431 
660.000000 2.872085 
661.000000 2.869729 
662.000000 2.867365 
663.000000 2.864992 
664.000000 2.862609 
665.000000 2.860218 
666.000000 2.857817 
667.000000 2.855407 
668.000000 2.852988 
669.000000 2.850560 
670.000000 2.848122 
671.000000 2.845676 
672.000000 2.843220 
673.000000 2.840755 
674.000000 2.838280 
675.000000 2.835797 
676.000000 2.833304 
677.000000 2.830802 
678.000000 2.828291 
679.000000 2.825771 
680.000000 2.823241 
681.000000 2.820702 
682.000000 2.818154 
683.000000 2.815596 
684.000000 2.813030 
685.000000 2.810454 
686.000000 2.807869 
687.000000 2.805274 
688.000000 2.802670 
689.000000 2.800057 
690.000000 2.797435 
691.000000 2.794803 
692.000000 2.792162 
693.000000 2.789511 
694.000000 2.786852 
695.000000 2.784183 
696.000000 2.781505 
697.000000 2.778817 
698.000000 2.776120 
699.000000 2.773414 
700.000000 2.770699 
701.000000 2.767974 
702.000000 2.765240 
703.000000 2.762496 
704.000000 2.759743 
705.000000 2.756981 
706.000000 2.754210 
707.000000 2.751429 
708.000000 2.748639 
709.000000 2.745840 
710.000000 2.743031 
711.000000 2.740213 
712.000000 2.737386 
713.000000 2.734549 
714.000000 2.731703 
715.000000 2.728848 
716.000000 2.725983 
717.000000 2.723109 
718.000000 2.720226 
719.000000 2.717334 
720.000000 2.714432 
721.000000 2.711521 
722.000000 2.708601 
723.000000 2.705671 
724.000000 2.702732 
725.000000 2.699784 
726.000000 2.696827 
727.000000 2.693860 
728.000000 2.690884 
729.000000 2.687899 
730.000000 2.684904 
731.000000 2.681901 
732.000000 2.678888 
733.000000 2.675866 
734.000000 2.672834 
735.000000 2.669794 
736.000000 2.666744 
737.000000 2.663685 
738.000000 2.660617 
739.000000 2.657539 
740.000000 2.654453 
741.000000 2.651357 
742.000000 2.648252 
743.000000 2.645138 
744.000000 2.642015 
745.000000 2.638883 
746.000000 2.635741 
747.000000 2.632591 
748.000000 2.629431 
749.000000 2.626262 
750.000000 2.623084 
751.000000 2.619897 
752.000000 2.616701 
753.000000 2.613496 
754.000000 2.610282 
755.000000 2.607059 
756.000000 2.603827 
757.000000 2.600586 
758.000000 2.597336 
759.000000 2.594076 
760.000000 2.590808 
761.000000 2.587531 
762.000000 2.584244 
763.000000 2.580949 
764.000000 2.577645 
765.000000 2.574332 
766.000000 2.571010 
767.000000 2.567679 
768.000000 2.564339 
769.000000 2.560990 
770.000000 2.557633 
771.000000 2.554267 
772.000000 2.550892 
773.000000 2.547509 
774.000000 2.544117 
775.000000 2.540716 
776.000000 2.537306 
777.000000 2.533889 
778.000000 2.530462 
779.000000 2.527027 
780.000000 2.523584 
781.000000 2.520132 
782.000000 2.516672 
783.000000 2.513203 
784.000000 2.509726 
785.000000 2.506241 
786.000000 2.502748 
787.000000 2.499246 
788.000000 2.495736 
789.000000 2.492218 
790.000000 2.488692 
791.000000 2.485157 
792.000000 2.481615 
793.000000 2.478065 
794.000000 2.474506 
795.000000 2.470940 
796.000000 2.467365 
797.000000 2.463783 
798.000000 2.460193 
799.000000 2.456595 
800.000000 2.452990 
801.000000 2.449376 
802.000000 2.445755 
803.000000 2.442127 
804.000000 2.438490 
805.000000 2.434846 
806.000000 2.431195 
807.000000 2.427536 
808.000000 2.423869 
809.000000 2.420195 
810.000000 2.416514 
811.000000 2.412825 
812.000000 2.409129 
813.000000 2.405426 
814.000000 2.401716 
815.000000 2.397998 
816.000000 2.394273 
817.000000 2.390541 
818.000000 2.386802 
819.000000 2.383056 
820.000000 2.379303 
821.000000 2.375543 
822.000000 2.371776 
823.000000 2.368003 
824.000000 2.364222 
825.000000 2.360435 
826.000000 2.356641 
827.000000 2.352840 
828.000000 2.349033 
829.000000 2.345219 
830.000000 2.341398 
831.000000 2.337571 
832.000000 2.333738 
833.000000 2.329898 
834.000000 2.326052 
835.000000 2.322199 
836.000000 2.318340 
837.000000 2.314475 
838.000000 2.310604 
839.000000 2.306727 
840.000000 2.302843 
841.000000 2.298954 
842.000000 2.295058 
843.000000 2.291157 
844.000000 2.287249 
845.000000 2.283336 
846.000000 2.279417 
847.000000 2.275492 
848.000000 2.271562 
849.000000 2.267626 
850.000000 2.263684 
851.000000 2.259737 
852.000000 2.255784 
853.000000 2.251826 
854.000000 2.247862 
855.000000 2.243893 
856.000000 2.239919 
857.000000 2.235939 
858.000000 2.231954 
859.000000 2.227964 
860.000000 2.223969 
861.000000 2.219969 
862.000000 2.215964 
863.000000 2.211954 
864.000000 2.207940 
865.000000 2.203920 
866.000000 2.199895 
867.000000 2.195866 
868.000000 2.191832 
869.000000 2.187794 
870.000000 2.183751 
871.000000 2.179703 
872.000000 2.175652 
873.000000 2.171595 
874.000000 2.167535 
875.000000 2.163470 
876.000000 2.159400 
877.000000 2.155327 
878.000000 2.151250 
879.000000 2.147168 
880.000000 2.143083 
881.000000 2.138993 
882.000000 2.134900 
883.000000 2.130803 
884.000000 2.126702 
885.000000 2.122597 
886.000000 2.118489 
887.000000 2.114377 
888.000000 2.110262 
889.000000 2.106143 
890.000000 2.102021 
891.000000 2.097896 
892.000000 2.093767 
893.000000 2.089635 
894.000000 2.085499 
895.000000 2.081361 
896.000000 2.077220 
897.000000 2.073075 
898.000000 2.068928 
899.000000 2.064778 
900.000000 2.060625 
901.000000 2.056470 
902.000000 2.052311 
903.000000 2.048150 
904.000000 2.043987 
905.000000 2.039821 
906.000000 2.035653 
907.000000 2.031482 
908.000000 2.027309 
909.000000 2.023134 
910.000000 2.018957 
911.000000 2.014777 
912.000000 2.010596 
913.000000 2.006412 
914.000000 2.002227 
915.000000 1.998040 
916.000000 1.993851 
917.000000 1.989661 
918.000000 1.985469 
919.000000 1.981275 
920.000000 1.977080 
921.000000 1.972883 
922.000000 1.968685 
923.000000 1.964486 
924.000000 1.960285 
925.000000 1.956084 
926.000000 1.951881 
927.000000 1.947677 
928.000000 1.943473 
929.000000 1.939267 
930.000000 1.935061 
931.000000 1.930854 
932.000000 1.926646 
933.000000 1.922438 
934.000000 1.918230 
935.000000 1.914020 
936.000000 1.909811 
937.000000 1.905601 
938.000000 1.901391 
939.000000 1.897181 
940.000000 1.892970 
941.000000 1.888760 
942.000000 1.884550 
943.000000 1.880340 
944.000000 1.876130 
945.000000 1.871920 
946.000000 1.867711 
947.000000 1.863502 
948.000000 1.859294 
949.000000 1.855086 
950.000000 1.850879 
951.000000 1.846673 
952.000000 1.842467 
953.000000 1.838263 
954.000000 1.834059 
955.000000 1.829857 
956.000000 1.825655 
957.000000 1.821455 
958.000000 1.817256 
959.000000 1.813058 
960.000000 1.808861 
961.000000 1.804665 
962.000000 1.800471 
963.000000 1.796278 
964.000000 1.792086 
965.000000 1.787896 
966.000000 1.783707 
967.000000 1.779520 
968.000000 1.775334 
969.000000 1.771150 
970.000000 1.766968 
971.000000 1.762788 
972.000000 1.758610 
973.000000 1.754434 
974.000000 1.750260 
975.000000 1.746088 
976.000000 1.741918 
977.000000 1.737750 
978.000000 1.733585 
979.000000 1.729422 
980.000000 1.725262 
981.000000 1.721104 
982.000000 1.716948 
983.000000 1.712796 
984.000000 1.708645 
985.000000 1.704498 
986.000000 1.700353 
987.000000 1.696212 
988.000000 1.692073 
989.000000 1.687937 
990.000000 1.683804 
991.000000 1.679674 
992.000000 1.675548 
993.000000 1.671424 
994.000000 1.667304 
995.000000 1.663187 
996.000000 1.659074 
997.000000 1.654964 
998.000000 1.650857 
999.000000 1.646754 
1000.000000 1.642655 
1001.000000 1.638559 
1002.000000 1.634467 
1003.000000 1.630379 
1004.000000 1.626295 
1005.000000 1.622214 
1006.000000 1.618138 
1007.000000 1.614065 
1008.000000 1.609996 
1009.000000 1.605932 
1010.000000 1.601872 
1011.000000 1.597815 
1012.000000 1.593763 
1013.000000 1.589716 
1014.000000 1.585673 
1015.000000 1.581634 
1016.000000 1.577599 
1017.000000 1.573569 
1018.000000 1.569544 
1019.000000 1.565523 
1020.000000 1.561507 
1021.000000 1.557495 
1022.000000 1.553489 
1023.000000 1.549487 
1024.000000 1.545489 
1025.000000 1.541497 
1026.000000 1.537510 
1027.000000 1.533528 
1028.000000 1.529550 
1029.000000 1.525578 
1030.000000 1.521611 
1031.000000 1.517649 
1032.000000 1.513692 
1033.000000 1.509740 
1034.000000 1.505794 
1035.000000 1.501853 
1036.000000 1.497918 
1037.000000 1.493988 
1038.000000 1.490063 
1039.000000 1.486144 
1040.000000 1.482230 
1041.000000 1.478322 
1042.000000 1.474420 
1043.000000 1.470523 
1044.000000 1.466632 
1045.000000 1.462747 
1046.000000 1.458868 
1047.000000 1.454994 
1048.000000 1.451126 
1049.000000 1.447265 
1050.000000 1.443409 
1051.000000 1.439559 
1052.000000 1.435715 
1053.000000 1.431877 
1054.000000 1.428046 
1055.000000 1.424220 
1056.000000 1.420401 
1057.000000 1.416588 
1058.000000 1.412781 
1059.000000 1.408980 
1060.000000 1.405186 
1061.000000 1.401398 
1062.000000 1.397617 
1063.000000 1.393842 
1064.000000 1.390073 
1065.000000 1.386311 
1066.000000 1.382556 
1067.000000 1.378807 
1068.000000 1.375064 
1069.000000 1.371329 
1070.000000 1.367599 
1071.000000 1.363877 
1072.000000 1.360161 
1073.000000 1.356453 
1074.000000 1.352751 
1075.000000 1.349055 
1076.000000 1.345367 
1077.000000 1.341685 
1078.000000 1.338011 
1079.000000 1.334343 
1080.000000 1.330682 
1081.000000 1.327029 
1082.000000 1.323382 
1083.000000 1.319742 
1084.000000 1.316110 
1085.000000 1.312484 
1086.000000 1.308866 
1087.000000 1.305255 
1088.000000 1.301651 
1089.000000 1.298054 
1090.000000 1.294465 
1091.000000 1.290883 
1092.000000 1.287308 
1093.000000 1.283740 
1094.000000 1.280180 
1095.000000 1.276627 
1096.000000 1.273082 
1097.000000 1.269543 
1098.000000 1.266013 
1099.000000 1.262490 
1100.000000 1.258974 
1101.000000 1.255466 
1102.000000 1.251965 
1103.000000 1.248472 
1104.000000 1.244987 
1105.000000 1.241509 
1106.000000 1.238038 
1107.000000 1.234576 
1108.000000 1.231121 
1109.000000 1.227673 
1110.000000 1.224234 
1111.000000 1.220802 
1112.000000 1.217377 
1113.000000 1.213961 
1114.000000 1.210552 
1115.000000 1.207151 
1116.000000 1.203758 
1117.000000 1.200373 
1118.000000 1.196995 
1119.000000 1.193626 
1120.000000 1.190264 
1121.000000 1.186910 
1122.000000 1.183564 
1123.000000 1.180226 
1124.000000 1.176896 
1125.000000 1.173573 
1126.000000 1.170259 
1127.000000 1.166953 
1128.000000 1.163655 
1129.000000 1.160364 
1130.000000 1.157082 
1131.000000 1.153808 
1132.000000 1.150541 
1133.000000 1.147283 
1134.000000 1.144033 
1135.000000 1.140791 
1136.000000 1.137557 
1137.000000 1.134331 
1138.000000 1.131113 
1139.000000 1.127903 
1140.000000 1.124702 
1141.000000 1.121508 
1142.000000 1.118323 
1143.000000 1.115146 
1144.000000 1.111977 
1145.000000 1.108816 
1146.000000 1.105663 
1147.000000 1.102518 
1148.000000 1.099382 
1149.000000 1.096254 
1150.000000 1.093134 
1151.000000 1.090022 
1152.000000 1.086918 
1153.000000 1.083823 
1154.000000 1.080735 
1155.000000 1.077656 
1156.000000 1.074586 
1157.000000 1.071523 
1158.000000 1.068469 
1159.000000 1.065423 
1160.000000 1.062385 
1161.000000 1.059356 
1162.000000 1.056335 
1163.000000 1.053322 
1164.000000 1.050317 
1165.000000 1.047321 
1166.000000 1.044333 
1167.000000 1.041354 
1168.000000 1.038382 
1169.000000 1.035419 
1170.000000 1.032464 
1171.000000 1.029518 
1172.000000 1.026579 
1173.000000 1.023649 
1174.000000 1.020727 
1175.000000 1.017813 
1176.000000 1.014908 
1177.000000 1.012011 
1178.000000 1.009122 
1179.000000 1.006241 
1180.000000 1.003368 
1181.000000 1.000504 
1182.000000 0.997648 
1183.000000 0.994800 
1184.000000 0.991960 
1185.000000 0.989128 
1186.000000 0.986305 
1187.000000 0.983489 
1188.000000 0.980682 
1189.000000 0.977883 
1190.000000 0.975092 
1191.000000 0.972309 
1192.000000 0.969534 
1193.000000 0.966768 
1194.000000 0.964009 
1195.000000 0.961259 
1196.000000 0.958516 
1197.000000 0.955782 
1198.000000 0.953056 
1199.000000 0.950338 
1200.000000 0.947628 
1201.000000 0.944926 
1202.000000 0.942232 
1203.000000 0.939546 
1204.000000 0.936868 
1205.000000 0.934198 
1206.000000 0.931536 
1207.000000 0.928882 
1208.000000 0.926236 
1209.000000 0.923598 
1210.000000 0.920968 
1211.000000 0.918346 
1212.000000 0.915732 
1213.000000 0.913126 
1214.000000 0.910528 
1215.000000 0.907937 
1216.000000 0.905355 
1217.000000 0.902781 
1218.000000 0.900214 
1219.000000 0.897655 
1220.000000 0.895105 
1221.000000 0.892562 
1222.000000 0.890027 
1223.000000 0.887499 
1224.000000 0.884980 
1225.000000 0.882468 
1226.000000 0.879965 
1227.000000 0.877469 
1228.000000 0.874981 
1229.000000 0.872500 
1230.000000 0.870028 
1231.000000 0.867563 
1232.000000 0.865106 
1233.000000 0.862656 
1234.000000 0.860215 
1235.000000 0.857781 
1236.000000 0.855355 
1237.000000 0.852936 
1238.000000 0.850525 
1239.000000 0.848122 
1240.000000 0.845727 
1241.000000 0.843339 
1242.000000 0.840959 
1243.000000 0.838586 
1244.000000 0.836221 
1245.000000 0.833864 
1246.000000 0.831514 
1247.000000 0.829172 
1248.000000 0.826837 
1249.000000 0.824510 
1250.000000 0.822191 
1251.000000 0.819879 
1252.000000 0.817574 
1253.000000 0.815277 
1254.000000 0.812988 
1255.000000 0.810706 
1256.000000 0.808431 
1257.000000 0.806164 
1258.000000 0.803904 
1259.000000 0.801652 
1260.000000 0.799407 
1261.000000 0.797169 
1262.000000 0.794939 
1263.000000 0.792717 
1264.000000 0.790501 
1265.000000 0.788293 
1266.000000 0.786093 
1267.000000 0.783899 
1268.000000 0.781713 
1269.000000 0.779534 
1270.000000 0.777363 
1271.000000 0.775198 
1272.000000 0.773041 
1273.000000 0.770892 
1274.000000 0.768749 
1275.000000 0.766613 
1276.000000 0.764485 
1277.000000 0.762364 
1278.000000 0.760250 
1279.000000 0.758143 
1280.000000 0.756044 
1281.000000 0.753951 
1282.000000 0.751866 
1283.000000 0.749787 
1284.000000 0.747716 
1285.000000 0.745652 
1286.000000 0.743594 
1287.000000 0.741544 
1288.000000 0.739501 
1289.000000 0.737465 
1290.000000 0.735435 
1291.000000 0.733413 
1292.000000 0.731397 
1293.000000 0.729389 
1294.000000 0.727387 
1295.000000 0.725393 
1296.000000 0.723405 
1297.000000 0.721424 
1298.000000 0.719449 
1299.000000 0.717482 
1300.000000 0.715521 
1301.000000 0.713568 
1302.000000 0.711620 
1303.000000 0.709680 
1304.000000 0.707747 
1305.000000 0.705820 
1306.000000 0.703899 
1307.000000 0.701986 
1308.000000 0.700079 
1309.000000 0.698179 
1310.000000 0.696285 
1311.000000 0.694398 
1312.000000 0.692518 
1313.000000 0.690644 
1314.000000 0.688777 
1315.000000 0.686916 
1316.000000 0.685062 
1317.000000 0.683214 
1318.000000 0.681373 
1319.000000 0.679538 
1320.000000 0.677709 
1321.000000 0.675887 
1322.000000 0.674072 
1323.000000 0.672263 
1324.000000 0.670460 
1325.000000 0.668663 
1326.000000 0.666873 
1327.000000 0.665089 
1328.000000 0.663312 
1329.000000 0.661540 
1330.000000 0.659775 
1331.000000 0.658016 
1332.000000 0.656264 
1333.000000 0.654517 
1334.000000 0.652777 
1335.000000 0.651043 
1336.000000 0.649314 
1337.000000 0.647592 
1338.000000 0.645877 
1339.000000 0.644167 
1340.000000 0.642463 
1341.000000 0.640765 
1342.000000 0.639073 
1343.000000 0.637388 
1344.000000 0.635708 
1345.000000 0.634034 
1346.000000 0.632366 
1347.000000 0.630704 
1348.000000 0.629048 
1349.000000 0.627397 
1350.000000 0.625753 
1351.000000 0.624114 
1352.000000 0.622481 
1353.000000 0.620854 
1354.000000 0.619233 
1355.000000 0.617617 
1356.000000 0.616007 
1357.000000 0.614402 
1358.000000 0.612804 
1359.000000 0.611211 
1360.000000 0.609624 
1361.000000 0.608042 
1362.000000 0.606466 
1363.000000 0.604896 
1364.000000 0.603332 
1365.000000 0.601773 
1366.000000 0.600220 
1367.000000 0.598672 
1368.000000 0.597130 
1369.000000 0.595593 
1370.000000 0.594062 
1371.000000 0.592537 
1372.000000 0.591016 
1373.000000 0.589502 
1374.000000 0.587993 
1375.000000 0.586489 
1376.000000 0.584991 
1377.000000 0.583498 
1378.000000 0.582010 
1379.000000 0.580528 
1380.000000 0.579051 
1381.000000 0.577579 
1382.000000 0.576113 
1383.000000 0.574652 
1384.000000 0.573196 
1385.000000 0.571746 
1386.000000 0.570301 
1387.000000 0.568861 
1388.000000 0.567426 
1389.000000 0.565996 
1390.000000 0.564572 
1391.000000 0.563152 
1392.000000 0.561738 
1393.000000 0.560329 
1394.000000 0.558924 
1395.000000 0.557525 
1396.000000 0.556131 
1397.000000 0.554742 
1398.000000 0.553358 
1399.000000 0.551979 
1400.000000 0.550605 
1401.000000 0.549236 
1402.000000 0.547872 
1403.000000 0.546513 
1404.000000 0.545158 
1405.000000 0.543809 
1406.000000 0.542464 
1407.000000 0.541124 
1408.000000 0.539789 
1409.000000 0.538459 
1410.000000 0.537134 
1411.000000 0.535813 
1412.000000 0.534498 
1413.000000 0.533187 
1414.000000 0.531880 
1415.000000 0.530579 
1416.000000 0.529282 
1417.000000 0.527990 
1418.000000 0.526702 
1419.000000 0.525419 
1420.000000 0.524141 
1421.000000 0.522867 
1422.000000 0.521598 
1423.000000 0.520333 
1424.000000 0.519073 
1425.000000 0.517818 
1426.000000 0.516567 
1427.000000 0.515321 
1428.000000 0.514079 
1429.000000 0.512841 
1430.000000 0.511608 
1431.000000 0.510380 
1432.000000 0.509156 
1433.000000 0.507936 
1434.000000 0.506721 
1435.000000 0.505510 
1436.000000 0.504303 
1437.000000 0.503101 
1438.000000 0.501903 
1439.000000 0.500710 
1440.000000 0.499520 
1441.000000 0.498335 
1442.000000 0.497155 
1443.000000 0.495978 
1444.000000 0.494806 
1445.000000 0.493638 
1446.000000 0.492474 
1447.000000 0.491315 
1448.000000 0.490159 
1449.000000 0.489008 
1450.000000 0.487861 
1451.000000 0.486718 
1452.000000 0.485579 
1453.000000 0.484445 
1454.000000 0.483314 
1455.000000 0.482187 
1456.000000 0.481065 
1457.000000 0.479946 
1458.000000 0.478832 
1459.000000 0.477722 
1460.000000 0.476615 
1461.000000 0.475513 
1462.000000 0.474414 
1463.000000 0.473320 
1464.000000 0.472229 
1465.000000 0.471143 
1466.000000 0.470060 
1467.000000 0.468981 
1468.000000 0.467906 
1469.000000 0.466835 
1470.000000 0.465768 
1471.000000 0.464704 
1472.000000 0.463645 
1473.000000 0.462589 
1474.000000 0.461537 
1475.000000 0.460489 
1476.000000 0.459444 
1477.000000 0.458404 
1478.000000 0.457367 
1479.000000 0.456334 
1480.000000 0.455304 
1481.000000 0.454279 
1482.000000 0.453256 
1483.000000 0.452238 
1484.000000 0.451223 
1485.000000 0.450212 
1486.000000 0.449205 
1487.000000 0.448201 
1488.000000 0.447201 
1489.000000 0.446204 
1490.000000 0.445211 
1491.000000 0.444222 
1492.000000 0.443236 
1493.000000 0.442253 
1494.000000 0.441275 
1495.000000 0.440299 
1496.000000 0.439327 
1497.000000 0.438359 
1498.000000 0.437394 
1499.000000 0.436433 
1500.000000 0.435475 
1501.000000 0.434521 
1502.000000 0.433569 
1503.000000 0.432622 
1504.000000 0.431678 
1505.000000 0.430737 
1506.000000 0.429799 
1507.000000 0.428865 
1508.000000 0.427934 
1509.000000 0.427007 
1510.000000 0.426083 
1511.000000 0.425162 
1512.000000 0.424245 
1513.000000 0.423331 
1514.000000 0.422420 
1515.000000 0.421512 
1516.000000 0.420608 
1517.000000 0.419707 
1518.000000 0.418809 
1519.000000 0.417914 
1520.000000 0.417023 
1521.000000 0.416135 
1522.000000 0.415250 
1523.000000 0.414368 
1524.000000 0.413489 
1525.000000 0.412614 
1526.000000 0.411741 
1527.000000 0.410872 
1528.000000 0.410006 
1529.000000 0.409143 
1530.000000 0.408283 
1531.000000 0.407426 
1532.000000 0.406572 
1533.000000 0.405722 
1534.000000 0.404874 
1535.000000 0.404029 
1536.000000 0.403188 
1537.000000 0.402349 
1538.000000 0.401514 
1539.000000 0.400681 
1540.000000 0.399852 
1541.000000 0.399025 
1542.000000 0.398202 
1543.000000 0.397381 
1544.000000 0.396563 
1545.000000 0.395749 
1546.000000 0.394937 
1547.000000 0.394128 
1548.000000 0.393322 
1549.000000 0.392519 
1550.000000 0.391719 
1551.000000 0.390921 
1552.000000 0.390127 
1553.000000 0.389335 
1554.000000 0.388547 
1555.000000 0.387761 
1556.000000 0.386978 
1557.000000 0.386197 
1558.000000 0.385420 
1559.000000 0.384645 
1560.000000 0.383873 
1561.000000 0.383104 
1562.000000 0.382338 
1563.000000 0.381574 
1564.000000 0.380813 
1565.000000 0.380054 
1566.000000 0.379298 
1567.000000 0.378545 
1568.000000 0.377795 
1569.000000 0.377047 
1570.000000 0.376302 
1571.000000 0.375560 
1572.000000 0.374820 
1573.000000 0.374083 
1574.000000 0.373348 
1575.000000 0.372616 
1576.000000 0.371886 
1577.000000 0.371160 
1578.000000 0.370435 
1579.000000 0.369713 
1580.000000 0.368994 
1581.000000 0.368277 
1582.000000 0.367563 
1583.000000 0.366852 
1584.000000 0.366142 
1585.000000 0.365436 
1586.000000 0.364731 
1587.000000 0.364030 
1588.000000 0.363330 
1589.000000 0.362634 
1590.000000 0.361939 
1591.000000 0.361247 
1592.000000 0.360558 
1593.000000 0.359871 
1594.000000 0.359186 
1595.000000 0.358504 
1596.000000 0.357824 
1597.000000 0.357146 
1598.000000 0.356471 
1599.000000 0.355798 
1600.000000 0.355128 
1601.000000 0.354460 
1602.000000 0.353794 
1603.000000 0.353131 
1604.000000 0.352470 
1605.000000 0.351811 
1606.000000 0.351154 
1607.000000 0.350500 
1608.000000 0.349848 
1609.000000 0.349198 
1610.000000 0.348551 
1611.000000 0.347906 
1612.000000 0.347263 
1613.000000 0.346622 
1614.000000 0.345984 
1615.000000 0.345347 
1616.000000 0.344713 
1617.000000 0.344082 
1618.000000 0.343452 
1619.000000 0.342824 
1620.000000 0.342199 
1621.000000 0.341576 
1622.000000 0.340955 
1623.000000 0.340336 
1624.000000 0.339720 
1625.000000 0.339105 
1626.000000 0.338493 
1627.000000 0.337882 
1628.000000 0.337274 
1629.000000 0.336668 
1630.000000 0.336064 
1631.000000 0.335462 
1632.000000 0.334862 
1633.000000 0.334264 
1634.000000 0.333669 
1635.000000 0.333075 
1636.000000 0.332483 
1637.000000 0.331894 
1638.000000 0.331306 
1639.000000 0.330721 
1640.000000 0.330137 
1641.000000 0.329556 
1642.000000 0.328976 
1643.000000 0.328398 
1644.000000 0.327823 
1645.000000 0.327249 
1646.000000 0.326678 
1647.000000 0.326108 
1648.000000 0.325540 
1649.000000 0.324974 
1650.000000 0.324410 
1651.000000 0.323848 
1652.000000 0.323288 
1653.000000 0.322730 
1654.000000 0.322174 
1655.000000 0.321620 
1656.000000 0.321067 
1657.000000 0.320517 
1658.000000 0.319968 
1659.000000 0.319421 
1660.000000 0.318876 
1661.000000 0.318333 
1662.000000 0.317792 
1663.000000 0.317253 
1664.000000 0.316715 
1665.000000 0.316179 
1666.000000 0.315645 
1667.000000 0.315113 
1668.000000 0.314583 
1669.000000 0.314054 
1670.000000 0.313527 
1671.000000 0.313002 
1672.000000 0.312479 
1673.000000 0.311958 
1674.000000 0.311438 
1675.000000 0.310920 
1676.000000 0.310404 
1677.000000 0.309889 
1678.000000 0.309377 
1679.000000 0.308866 
1680.000000 0.308356 
1681.000000 0.307849 
1682.000000 0.307343 
1683.000000 0.306839 
1684.000000 0.306336 
1685.000000 0.305836 
1686.000000 0.305337 
1687.000000 0.304839 
1688.000000 0.304343 
1689.000000 0.303849 
1690.000000 0.303357 
1691.000000 0.302866 
1692.000000 0.302377 
1693.000000 0.301889 
1694.000000 0.301403 
1695.000000 0.300919 
1696.000000 0.300437 
1697.000000 0.299956 
1698.000000 0.299476 
1699.000000 0.298998 
1700.000000 0.298522 
1701.000000 0.298047 
1702.000000 0.297574 
1703.000000 0.297103 
1704.000000 0.296633 
1705.000000 0.296164 
1706.000000 0.295698 
1707.000000 0.295232 
1708.000000 0.294769 
1709.000000 0.294306 
1710.000000 0.293846 
1711.000000 0.293387 
1712.000000 0.292929 
1713.000000 0.292473 
1714.000000 0.292018 
1715.000000 0.291565 
1716.000000 0.291114 
1717.000000 0.290664 
1718.000000 0.290215 
1719.000000 0.289768 
1720.000000 0.289323 
1721.000000 0.288878 
1722.000000 0.288436 
1723.000000 0.287994 
1724.000000 0.287555 
1725.000000 0.287116 
1726.000000 0.286680 
1727.000000 0.286244 
1728.000000 0.285810 
1729.000000 0.285378 
1730.000000 0.284947 
1731.000000 0.284517 
1732.000000 0.284089 
1733.000000 0.283662 
1734.000000 0.283236 
1735.000000 0.282812 
1736.000000 0.282389 
1737.000000 0.281968 
1738.000000 0.281548 
1739.000000 0.281130 
1740.000000 0.280713 
1741.000000 0.280297 
1742.000000 0.279882 
1743.000000 0.279469 
1744.000000 0.279058 
1745.000000 0.278647 
1746.000000 0.278238 
1747.000000 0.277831 
1748.000000 0.277425 
1749.000000 0.277020 
1750.000000 0.276616 
1751.000000 0.276214 
1752.000000 0.275813 
1753.000000 0.275413 
1754.000000 0.275015 
1755.000000 0.274618 
1756.000000 0.274222 
1757.000000 0.273827 
1758.000000 0.273434 
1759.000000 0.273042 
1760.000000 0.272652 
1761.000000 0.272262 
1762.000000 0.271874 
1763.000000 0.271488 
1764.000000 0.271102 
1765.000000 0.270718 
1766.000000 0.270335 
1767.000000 0.269953 
1768.000000 0.269572 
1769.000000 0.269193 
1770.000000 0.268814 
1771.000000 0.268438 
1772.000000 0.268062 
1773.000000 0.267687 
1774.000000 0.267314 
1775.000000 0.266942 
1776.000000 0.266571 
1777.000000 0.266201 
1778.000000 0.265833 
1779.000000 0.265465 
1780.000000 0.265099 
1781.000000 0.264734 
1782.000000 0.264370 
1783.000000 0.264008 
1784.000000 0.263646 
1785.000000 0.263286 
1786.000000 0.262926 
1787.000000 0.262568 
1788.000000 0.262212 
1789.000000 0.261856 
1790.000000 0.261501 
1791.000000 0.261148 
1792.000000 0.260795 
1793.000000 0.260444 
1794.000000 0.260094 
1795.000000 0.259745 
1796.000000 0.259397 
1797.000000 0.259050 
1798.000000 0.258705 
1799.000000 0.258360 
1800.000000 0.258017 
1801.000000 0.257674 
1802.000000 0.257333 
1803.000000 0.256993 
1804.000000 0.256654 
1805.000000 0.256316 
1806.000000 0.255979 
1807.000000 0.255643 
1808.000000 0.255308 
1809.000000 0.254974 
1810.000000 0.254642 
1811.000000 0.254310 
1812.000000 0.253979 
1813.000000 0.253650 
1814.000000 0.253321 
1815.000000 0.252994 
1816.000000 0.252667 
1817.000000 0.252342 
1818.000000 0.252018 
1819.000000 0.251694 
1820.000000 0.251372 
1821.000000 0.251051 
1822.000000 0.250730 
1823.000000 0.250411 
1824.000000 0.250093 
1825.000000 0.249775 
1826.000000 0.249459 
1827.000000 0.249144 
1828.000000 0.248829 
1829.000000 0.248516 
1830.000000 0.248204 
1831.000000 0.247892 
1832.000000 0.247582 
1833.000000 0.247273 
1834.000000 0.246964 
1835.000000 0.246657 
1836.000000 0.246350 
1837.000000 0.246045 
1838.000000 0.245740 
1839.000000 0.245436 
1840.000000 0.245134 
1841.000000 0.244832 
1842.000000 0.244531 
1843.000000 0.244231 
1844.000000 0.243932 
1845.000000 0.243634 
1846.000000 0.243337 
1847.000000 0.243041 
1848.000000 0.242746 
1849.000000 0.242451 
1850.000000 0.242158 
1851.000000 0.241865 
1852.000000 0.241574 
1853.000000 0.241283 
1854.000000 0.240993 
1855.000000 0.240704 
1856.000000 0.240416 
1857.000000 0.240129 
1858.000000 0.239843 
1859.000000 0.239558 
1860.000000 0.239273 
1861.000000 0.238990 
1862.000000 0.238707 
1863.000000 0.238425 
1864.000000 0.238144 
1865.000000 0.237864 
1866.000000 0.237585 
1867.000000 0.237306 
1868.000000 0.237029 
1869.000000 0.236752 
1870.000000 0.236476 
1871.000000 0.236201 
1872.000000 0.235927 
1873.000000 0.235654 
1874.000000 0.235382 
1875.000000 0.235110 
1876.000000 0.234839 
1877.000000 0.234569 
1878.000000 0.234300 
1879.000000 0.234032 
1880.000000 0.233764 
1881.000000 0.233497 
1882.000000 0.233232 
1883.000000 0.232967 
1884.000000 0.232702 
1885.000000 0.232439 
1886.000000 0.232176 
1887.000000 0.231914 
1888.000000 0.231653 
1889.000000 0.231393 
1890.000000 0.231133 
1891.000000 0.230875 
1892.000000 0.230617 
1893.000000 0.230360 
1894.000000 0.230103 
1895.000000 0.229848 
1896.000000 0.229593 
1897.000000 0.229339 
1898.000000 0.229086 
1899.000000 0.228833 
1900.000000 0.228582 
1901.000000 0.228331 
1902.000000 0.228080 
1903.000000 0.227831 
1904.000000 0.227582 
1905.000000 0.227334 
1906.000000 0.227087 
1907.000000 0.226841 
1908.000000 0.226595 
1909.000000 0.226350 
1910.000000 0.226106 
1911.000000 0.225862 
1912.000000 0.225619 
1913.000000 0.225377 
1914.000000 0.225136 
1915.000000 0.224895 
1916.000000 0.224655 
1917.000000 0.224416 
1918.000000 0.224178 
1919.000000 0.223940 
1920.000000 0.223703 
1921.000000 0.223467 
1922.000000 0.223231 
1923.000000 0.222996 
1924.000000 0.222762 
1925.000000 0.222528 
1926.000000 0.222296 
1927.000000 0.222063 
1928.000000 0.221832 
1929.000000 0.221601 
1930.000000 0.221371 
1931.000000 0.221142 
1932.000000 0.220913 
1933.000000 0.220685 
1934.000000 0.220458 
1935.000000 0.220231 
1936.000000 0.220005 
1937.000000 0.219780 
1938.000000 0.219555 
1939.000000 0.219331 
1940.000000 0.219108 
1941.000000 0.218885 
1942.000000 0.218663 
1943.000000 0.218442 
1944.000000 0.218221 
1945.000000 0.218001 
1946.000000 0.217782 
1947.000000 0.217563 
1948.000000 0.217345 
1949.000000 0.217128 
1950.000000 0.216911 
1951.000000 0.216695 
1952.000000 0.216479 
1953.000000 0.216264 
1954.000000 0.216050 
1955.000000 0.215837 
1956.000000 0.215624 
1957.000000 0.215411 
1958.000000 0.215200 
1959.000000 0.214989 
1960.000000 0.214778 
1961.000000 0.214568 
1962.000000 0.214359 
1963.000000 0.214150 
1964.000000 0.213942 
1965.000000 0.213735 
1966.000000 0.213528 
1967.000000 0.213322 
1968.000000 0.213116 
1969.000000 0.212911 
1970.000000 0.212707 
1971.000000 0.212503 
1972.000000 0.212300 
1973.000000 0.212098 
1974.000000 0.211896 
1975.000000 0.211694 
1976.000000 0.211493 
1977.000000 0.211293 
1978.000000 0.211093 
1979.000000 0.210894 
1980.000000 0.210696 
1981.000000 0.210498 
1982.000000 0.210301 
1983.000000 0.210104 
1984.000000 0.209908 
1985.000000 0.209712 
1986.000000 0.209517 
1987.000000 0.209323 
1988.000000 0.209129 
1989.000000 0.208935 
1990.000000 0.208742 
1991.000000 0.208550 
1992.000000 0.208359 
1993.000000 0.208167 
1994.000000 0.207977 
1995.000000 0.207787 
1996.000000 0.207597 
1997.000000 0.207408 
1998.000000 0.207220 
1999.000000 0.207032 
2000.000000 0.206845 
2001.000000 0.206658 
