1.000000 1.323687 
2.000000 1.323532 
3.000000 1.323376 
4.000000 1.323219 
5.000000 1.323062 
6.000000 1.322904 
7.000000 1.322745 
8.000000 1.322585 
9.000000 1.322424 
10.000000 1.322263 
11.000000 1.322101 
12.000000 1.321938 
13.000000 1.321775 
14.000000 1.321610 
15.000000 1.321445 
16.000000 1.321279 
17.000000 1.321113 
18.000000 1.320945 
19.000000 1.320777 
20.000000 1.320608 
21.000000 1.320438 
22.000000 1.320268 
23.000000 1.320096 
24.000000 1.319924 
25.000000 1.319751 
26.000000 1.319577 
27.000000 1.319403 
28.000000 1.319228 
29.000000 1.319051 
30.000000 1.318874 
31.000000 1.318697 
32.000000 1.318518 
33.000000 1.318339 
34.000000 1.318159 
35.000000 1.317977 
36.000000 1.317795 
37.000000 1.317613 
38.000000 1.317429 
39.000000 1.317244 
40.000000 1.317059 
41.000000 1.316872 
42.000000 1.316685 
43.000000 1.316497 
44.000000 1.316308 
45.000000 1.316118 
46.000000 1.315927 
47.000000 1.315736 
48.000000 1.315543 
49.000000 1.315350 
50.000000 1.315156 
51.000000 1.314961 
52.000000 1.314765 
53.000000 1.314568 
54.000000 1.314370 
55.000000 1.314172 
56.000000 1.313972 
57.000000 1.313772 
58.000000 1.313571 
59.000000 1.313369 
60.000000 1.313166 
61.000000 1.312962 
62.000000 1.312758 
63.000000 1.312552 
64.000000 1.312346 
65.000000 1.312139 
66.000000 1.311932 
67.000000 1.311723 
68.000000 1.311514 
69.000000 1.311304 
70.000000 1.311093 
71.000000 1.310881 
72.000000 1.310669 
73.000000 1.310456 
74.000000 1.310242 
75.000000 1.310027 
76.000000 1.309812 
77.000000 1.309596 
78.000000 1.309379 
79.000000 1.309161 
80.000000 1.308943 
81.000000 1.308724 
82.000000 1.308505 
83.000000 1.308285 
84.000000 1.308064 
85.000000 1.307843 
86.000000 1.307621 
87.000000 1.307398 
88.000000 1.307175 
89.000000 1.306952 
90.000000 1.306727 
91.000000 1.306503 
92.000000 1.306277 
93.000000 1.306051 
94.000000 1.305825 
95.000000 1.305598 
96.000000 1.305371 
97.000000 1.305143 
98.000000 1.304915 
99.000000 1.304687 
100.000000 1.304458 
101.000000 1.304229 
102.000000 1.303999 
103.000000 1.303769 
104.000000 1.303539 
105.000000 1.303308 
106.000000 1.303077 
107.000000 1.302846 
108.000000 1.302615 
109.000000 1.302383 
110.000000 1.302152 
111.000000 1.301920 
112.000000 1.301687 
113.000000 1.301455 
114.000000 1.301223 
115.000000 1.300990 
116.000000 1.300758 
117.000000 1.300525 
118.000000 1.300292 
119.000000 1.300060 
120.000000 1.299827 
121.000000 1.299595 
122.000000 1.299362 
123.000000 1.299130 
124.000000 1.298897 
125.000000 1.298665 
126.000000 1.298433 
127.000000 1.298202 
128.000000 1.297970 
129.000000 1.297739 
130.000000 1.297508 
131.000000 1.297277 
132.000000 1.297046 
133.000000 1.296816 
134.000000 1.296587 
135.000000 1.296358 
136.000000 1.296129 
137.000000 1.295900 
138.000000 1.295672 
139.000000 1.295445 
140.000000 1.295218 
141.000000 1.294992 
142.000000 1.294767 
143.000000 1.294542 
144.000000 1.294318 
145.000000 1.294094 
146.000000 1.293871 
147.000000 1.293649 
148.000000 1.293428 
149.000000 1.293208 
150.000000 1.292988 
151.000000 1.292770 
152.000000 1.292552 
153.000000 1.292335 
154.000000 1.292120 
155.000000 1.291905 
156.000000 1.291692 
157.000000 1.291479 
158.000000 1.291268 
159.000000 1.291057 
160.000000 1.290846 
161.000000 1.290637 
162.000000 1.290427 
163.000000 1.290219 
164.000000 1.290010 
165.000000 1.289803 
166.000000 1.289595 
167.000000 1.289389 
168.000000 1.289182 
169.000000 1.288977 
170.000000 1.288771 
171.000000 1.288566 
172.000000 1.288362 
173.000000 1.288158 
174.000000 1.287954 
175.000000 1.287751 
176.000000 1.287548 
177.000000 1.287346 
178.000000 1.287144 
179.000000 1.286942 
180.000000 1.286741 
181.000000 1.286540 
182.000000 1.286340 
183.000000 1.286139 
184.000000 1.285939 
185.000000 1.285740 
186.000000 1.285540 
187.000000 1.285341 
188.000000 1.285142 
189.000000 1.284944 
190.000000 1.284745 
191.000000 1.284547 
192.000000 1.284349 
193.000000 1.284152 
194.000000 1.283954 
195.000000 1.283757 
196.000000 1.283560 
197.000000 1.283363 
198.000000 1.283167 
199.000000 1.282970 
200.000000 1.282774 
201.000000 1.282577 
202.000000 1.282381 
203.000000 1.282185 
204.000000 1.281989 
205.000000 1.281794 
206.000000 1.281598 
207.000000 1.281402 
208.000000 1.281207 
209.000000 1.281011 
210.000000 1.280816 
211.000000 1.280621 
212.000000 1.280425 
213.000000 1.280230 
214.000000 1.280035 
215.000000 1.279839 
216.000000 1.279644 
217.000000 1.279449 
218.000000 1.279253 
219.000000 1.279058 
220.000000 1.278862 
221.000000 1.278667 
222.000000 1.278471 
223.000000 1.278276 
224.000000 1.278080 
225.000000 1.277884 
226.000000 1.277688 
227.000000 1.277492 
228.000000 1.277296 
229.000000 1.277099 
230.000000 1.276903 
231.000000 1.276706 
232.000000 1.276510 
233.000000 1.276313 
234.000000 1.276116 
235.000000 1.275918 
236.000000 1.275721 
237.000000 1.275523 
238.000000 1.275325 
239.000000 1.275127 
240.000000 1.274928 
241.000000 1.274730 
242.000000 1.274531 
243.000000 1.274332 
244.000000 1.274132 
245.000000 1.273933 
246.000000 1.273732 
247.000000 1.273532 
248.000000 1.273332 
249.000000 1.273131 
250.000000 1.272929 
251.000000 1.272728 
252.000000 1.272526 
253.000000 1.272323 
254.000000 1.272121 
255.000000 1.271918 
256.000000 1.271714 
257.000000 1.271510 
258.000000 1.271306 
259.000000 1.271101 
260.000000 1.270896 
261.000000 1.270691 
262.000000 1.270485 
263.000000 1.270279 
264.000000 1.270072 
265.000000 1.269864 
266.000000 1.269657 
267.000000 1.269448 
268.000000 1.269240 
269.000000 1.269031 
270.000000 1.268821 
271.000000 1.268611 
272.000000 1.268400 
273.000000 1.268188 
274.000000 1.267977 
275.000000 1.267764 
276.000000 1.267551 
277.000000 1.267338 
278.000000 1.267124 
279.000000 1.266909 
280.000000 1.266694 
281.000000 1.266478 
282.000000 1.266261 
283.000000 1.266044 
284.000000 1.265827 
285.000000 1.265608 
286.000000 1.265389 
287.000000 1.265169 
288.000000 1.264949 
289.000000 1.264728 
290.000000 1.264507 
291.000000 1.264284 
292.000000 1.264061 
293.000000 1.263837 
294.000000 1.263613 
295.000000 1.263388 
296.000000 1.263162 
297.000000 1.262935 
298.000000 1.262708 
299.000000 1.262480 
300.000000 1.262251 
301.000000 1.262021 
302.000000 1.261791 
303.000000 1.261560 
304.000000 1.261328 
305.000000 1.261095 
306.000000 1.260861 
307.000000 1.260627 
308.000000 1.260392 
309.000000 1.260155 
310.000000 1.259919 
311.000000 1.259681 
312.000000 1.259442 
313.000000 1.259203 
314.000000 1.258962 
315.000000 1.258721 
316.000000 1.258479 
317.000000 1.258236 
318.000000 1.257992 
319.000000 1.257747 
320.000000 1.257502 
321.000000 1.257255 
322.000000 1.257007 
323.000000 1.256759 
324.000000 1.256509 
325.000000 1.256259 
326.000000 1.256007 
327.000000 1.255755 
328.000000 1.255502 
329.000000 1.255247 
330.000000 1.254992 
331.000000 1.254736 
332.000000 1.254478 
333.000000 1.254220 
334.000000 1.253961 
335.000000 1.253700 
336.000000 1.253439 
337.000000 1.253176 
338.000000 1.252913 
339.000000 1.252648 
340.000000 1.252382 
341.000000 1.252116 
342.000000 1.251848 
343.000000 1.251579 
344.000000 1.251309 
345.000000 1.251038 
346.000000 1.250765 
347.000000 1.250492 
348.000000 1.250217 
349.000000 1.249942 
350.000000 1.249665 
351.000000 1.249387 
352.000000 1.249108 
353.000000 1.248828 
354.000000 1.248546 
355.000000 1.248264 
356.000000 1.247980 
357.000000 1.247695 
358.000000 1.247409 
359.000000 1.247122 
360.000000 1.246833 
361.000000 1.246543 
362.000000 1.246252 
363.000000 1.245960 
364.000000 1.245666 
365.000000 1.245372 
366.000000 1.245076 
367.000000 1.244778 
368.000000 1.244480 
369.000000 1.244180 
370.000000 1.243879 
371.000000 1.243577 
372.000000 1.243273 
373.000000 1.242968 
374.000000 1.242662 
375.000000 1.242354 
376.000000 1.242045 
377.000000 1.241735 
378.000000 1.241424 
379.000000 1.241111 
380.000000 1.240796 
381.000000 1.240481 
382.000000 1.240164 
383.000000 1.239845 
384.000000 1.239526 
385.000000 1.239205 
386.000000 1.238882 
387.000000 1.238558 
388.000000 1.238233 
389.000000 1.237906 
390.000000 1.237578 
391.000000 1.237249 
392.000000 1.236918 
393.000000 1.236586 
394.000000 1.236252 
395.000000 1.235916 
396.000000 1.235580 
397.000000 1.235242 
398.000000 1.234902 
399.000000 1.234561 
400.000000 1.234218 
401.000000 1.233874 
402.000000 1.233529 
403.000000 1.233182 
404.000000 1.232833 
405.000000 1.232483 
406.000000 1.232132 
407.000000 1.231779 
408.000000 1.231424 
409.000000 1.231069 
410.000000 1.230714 
411.000000 1.230357 
412.000000 1.230000 
413.000000 1.229641 
414.000000 1.229283 
415.000000 1.228923 
416.000000 1.228563 
417.000000 1.228202 
418.000000 1.227840 
419.000000 1.227477 
420.000000 1.227114 
421.000000 1.226750 
422.000000 1.226385 
423.000000 1.226020 
424.000000 1.225654 
425.000000 1.225288 
426.000000 1.224920 
427.000000 1.224552 
428.000000 1.224184 
429.000000 1.223814 
430.000000 1.223445 
431.000000 1.223074 
432.000000 1.222703 
433.000000 1.222331 
434.000000 1.221959 
435.000000 1.221586 
436.000000 1.221212 
437.000000 1.220838 
438.000000 1.220463 
439.000000 1.220088 
440.000000 1.219712 
441.000000 1.219335 
442.000000 1.218958 
443.000000 1.218581 
444.000000 1.218203 
445.000000 1.217824 
446.000000 1.217445 
447.000000 1.217065 
448.000000 1.216685 
449.000000 1.216304 
450.000000 1.215922 
451.000000 1.215540 
452.000000 1.215158 
453.000000 1.214775 
454.000000 1.214392 
455.000000 1.214008 
456.000000 1.213623 
457.000000 1.213238 
458.000000 1.212853 
459.000000 1.212467 
460.000000 1.212081 
461.000000 1.211694 
462.000000 1.211306 
463.000000 1.210919 
464.000000 1.210530 
465.000000 1.210142 
466.000000 1.209752 
467.000000 1.209363 
468.000000 1.208972 
469.000000 1.208582 
470.000000 1.208191 
471.000000 1.207799 
472.000000 1.207407 
473.000000 1.207015 
474.000000 1.206622 
475.000000 1.206229 
476.000000 1.205835 
477.000000 1.205441 
478.000000 1.205047 
479.000000 1.204652 
480.000000 1.204256 
481.000000 1.203860 
482.000000 1.203464 
483.000000 1.203068 
484.000000 1.202670 
485.000000 1.202273 
486.000000 1.201875 
487.000000 1.201477 
488.000000 1.201078 
489.000000 1.200679 
490.000000 1.200279 
491.000000 1.199879 
492.000000 1.199479 
493.000000 1.199078 
494.000000 1.198676 
495.000000 1.198275 
496.000000 1.197873 
497.000000 1.197470 
498.000000 1.197067 
499.000000 1.196664 
500.000000 1.196260 
501.000000 1.195856 
502.000000 1.195452 
503.000000 1.195047 
504.000000 1.194641 
505.000000 1.194235 
506.000000 1.193829 
507.000000 1.193423 
508.000000 1.193016 
509.000000 1.192608 
510.000000 1.192200 
511.000000 1.191792 
512.000000 1.191383 
513.000000 1.190974 
514.000000 1.190565 
515.000000 1.190155 
516.000000 1.189744 
517.000000 1.189333 
518.000000 1.188922 
519.000000 1.188510 
520.000000 1.188098 
521.000000 1.187686 
522.000000 1.187273 
523.000000 1.186859 
524.000000 1.186445 
525.000000 1.186031 
526.000000 1.185616 
527.000000 1.185201 
528.000000 1.184785 
529.000000 1.184369 
530.000000 1.183953 
531.000000 1.183536 
532.000000 1.183118 
533.000000 1.182700 
534.000000 1.182282 
535.000000 1.181863 
536.000000 1.181443 
537.000000 1.181024 
538.000000 1.180603 
539.000000 1.180182 
540.000000 1.179761 
541.000000 1.179339 
542.000000 1.178917 
543.000000 1.178494 
544.000000 1.178071 
545.000000 1.177647 
546.000000 1.177222 
547.000000 1.176797 
548.000000 1.176372 
549.000000 1.175946 
550.000000 1.175519 
551.000000 1.175092 
552.000000 1.174665 
553.000000 1.174237 
554.000000 1.173808 
555.000000 1.173379 
556.000000 1.172949 
557.000000 1.172518 
558.000000 1.172087 
559.000000 1.171656 
560.000000 1.171224 
561.000000 1.170791 
562.000000 1.170358 
563.000000 1.169924 
564.000000 1.169489 
565.000000 1.169054 
566.000000 1.168618 
567.000000 1.168181 
568.000000 1.167744 
569.000000 1.167307 
570.000000 1.166868 
571.000000 1.166429 
572.000000 1.165989 
573.000000 1.165549 
574.000000 1.165108 
575.000000 1.164666 
576.000000 1.164224 
577.000000 1.163780 
578.000000 1.163336 
579.000000 1.162892 
580.000000 1.162447 
581.000000 1.162000 
582.000000 1.161554 
583.000000 1.161106 
584.000000 1.160658 
585.000000 1.160209 
586.000000 1.159759 
587.000000 1.159308 
588.000000 1.158857 
589.000000 1.158404 
590.000000 1.157951 
591.000000 1.157497 
592.000000 1.157043 
593.000000 1.156587 
594.000000 1.156131 
595.000000 1.155674 
596.000000 1.155215 
597.000000 1.154757 
598.000000 1.154297 
599.000000 1.153836 
600.000000 1.153374 
601.000000 1.152912 
602.000000 1.152448 
603.000000 1.151984 
604.000000 1.151518 
605.000000 1.151052 
606.000000 1.150585 
607.000000 1.150117 
608.000000 1.149647 
609.000000 1.149177 
610.000000 1.148706 
611.000000 1.148234 
612.000000 1.147761 
613.000000 1.147286 
614.000000 1.146811 
615.000000 1.146335 
616.000000 1.145857 
617.000000 1.145379 
618.000000 1.144899 
619.000000 1.144418 
620.000000 1.143937 
621.000000 1.143454 
622.000000 1.142969 
623.000000 1.142484 
624.000000 1.141998 
625.000000 1.141510 
626.000000 1.141021 
627.000000 1.140532 
628.000000 1.140040 
629.000000 1.139548 
630.000000 1.139054 
631.000000 1.138560 
632.000000 1.138063 
633.000000 1.137566 
634.000000 1.137067 
635.000000 1.136567 
636.000000 1.136066 
637.000000 1.135563 
638.000000 1.135059 
639.000000 1.134554 
640.000000 1.134048 
641.000000 1.133539 
642.000000 1.133030 
643.000000 1.132519 
644.000000 1.132007 
645.000000 1.131493 
646.000000 1.130978 
647.000000 1.130462 
648.000000 1.129943 
649.000000 1.129424 
650.000000 1.128903 
651.000000 1.128380 
652.000000 1.127856 
653.000000 1.127331 
654.000000 1.126803 
655.000000 1.126275 
656.000000 1.125744 
657.000000 1.125212 
658.000000 1.124678 
659.000000 1.124143 
660.000000 1.123606 
661.000000 1.123067 
662.000000 1.122526 
663.000000 1.121983 
664.000000 1.121439 
665.000000 1.120893 
666.000000 1.120345 
667.000000 1.119795 
668.000000 1.119244 
669.000000 1.118691 
670.000000 1.118137 
671.000000 1.117581 
672.000000 1.117023 
673.000000 1.116463 
674.000000 1.115902 
675.000000 1.115340 
676.000000 1.114775 
677.000000 1.114209 
678.000000 1.113642 
679.000000 1.113073 
680.000000 1.112503 
681.000000 1.111930 
682.000000 1.111357 
683.000000 1.110782 
684.000000 1.110205 
685.000000 1.109627 
686.000000 1.109048 
687.000000 1.108467 
688.000000 1.107884 
689.000000 1.107300 
690.000000 1.106715 
691.000000 1.106128 
692.000000 1.105540 
693.000000 1.104951 
694.000000 1.104360 
695.000000 1.103768 
696.000000 1.103174 
697.000000 1.102579 
698.000000 1.101983 
699.000000 1.101386 
700.000000 1.100787 
701.000000 1.100187 
702.000000 1.099585 
703.000000 1.098983 
704.000000 1.098379 
705.000000 1.097774 
706.000000 1.097168 
707.000000 1.096560 
708.000000 1.095951 
709.000000 1.095342 
710.000000 1.094730 
711.000000 1.094118 
712.000000 1.093505 
713.000000 1.092891 
714.000000 1.092275 
715.000000 1.091658 
716.000000 1.091041 
717.000000 1.090422 
718.000000 1.089802 
719.000000 1.089181 
720.000000 1.088559 
721.000000 1.087936 
722.000000 1.087312 
723.000000 1.086687 
724.000000 1.086061 
725.000000 1.085434 
726.000000 1.084806 
727.000000 1.084177 
728.000000 1.083547 
729.000000 1.082916 
730.000000 1.082285 
731.000000 1.081652 
732.000000 1.081019 
733.000000 1.080385 
734.000000 1.079749 
735.000000 1.079114 
736.000000 1.078477 
737.000000 1.077839 
738.000000 1.077201 
739.000000 1.076561 
740.000000 1.075921 
741.000000 1.075281 
742.000000 1.074639 
743.000000 1.073997 
744.000000 1.073354 
745.000000 1.072710 
746.000000 1.072066 
747.000000 1.071421 
748.000000 1.070775 
749.000000 1.070129 
750.000000 1.069482 
751.000000 1.068834 
752.000000 1.068186 
753.000000 1.067537 
754.000000 1.066888 
755.000000 1.066238 
756.000000 1.065587 
757.000000 1.064936 
758.000000 1.064284 
759.000000 1.063632 
760.000000 1.062979 
761.000000 1.062326 
762.000000 1.061672 
763.000000 1.061018 
764.000000 1.060364 
765.000000 1.059709 
766.000000 1.059053 
767.000000 1.058397 
768.000000 1.057741 
769.000000 1.057084 
770.000000 1.056427 
771.000000 1.055770 
772.000000 1.055112 
773.000000 1.054454 
774.000000 1.053796 
775.000000 1.053137 
776.000000 1.052478 
777.000000 1.051819 
778.000000 1.051159 
779.000000 1.050499 
780.000000 1.049839 
781.000000 1.049179 
782.000000 1.048519 
783.000000 1.047858 
784.000000 1.047197 
785.000000 1.046536 
786.000000 1.045875 
787.000000 1.045214 
788.000000 1.044552 
789.000000 1.043891 
790.000000 1.043229 
791.000000 1.042568 
792.000000 1.041906 
793.000000 1.041244 
794.000000 1.040582 
795.000000 1.039920 
796.000000 1.039258 
797.000000 1.038596 
798.000000 1.037935 
799.000000 1.037273 
800.000000 1.036611 
801.000000 1.035949 
802.000000 1.035287 
803.000000 1.034626 
804.000000 1.033964 
805.000000 1.033303 
806.000000 1.032642 
807.000000 1.031980 
808.000000 1.031319 
809.000000 1.030659 
810.000000 1.029998 
811.000000 1.029338 
812.000000 1.028677 
813.000000 1.028017 
814.000000 1.027358 
815.000000 1.026698 
816.000000 1.026039 
817.000000 1.025380 
818.000000 1.024721 
819.000000 1.024063 
820.000000 1.023405 
821.000000 1.022747 
822.000000 1.022090 
823.000000 1.021433 
824.000000 1.020776 
825.000000 1.020120 
826.000000 1.019464 
827.000000 1.018809 
828.000000 1.018154 
829.000000 1.017499 
830.000000 1.016845 
831.000000 1.016192 
832.000000 1.015539 
833.000000 1.014886 
834.000000 1.014234 
835.000000 1.013583 
836.000000 1.012932 
837.000000 1.012282 
838.000000 1.011632 
839.000000 1.010983 
840.000000 1.010334 
841.000000 1.009687 
842.000000 1.009039 
843.000000 1.008393 
844.000000 1.007747 
845.000000 1.007102 
846.000000 1.006457 
847.000000 1.005813 
848.000000 1.005170 
849.000000 1.004528 
850.000000 1.003886 
851.000000 1.003246 
852.000000 1.002605 
853.000000 1.001966 
854.000000 1.001328 
855.000000 1.000690 
856.000000 1.000054 
857.000000 0.999418 
858.000000 0.998783 
859.000000 0.998149 
860.000000 0.997516 
861.000000 0.996883 
862.000000 0.996252 
863.000000 0.995622 
864.000000 0.994992 
865.000000 0.994364 
866.000000 0.993736 
867.000000 0.993110 
868.000000 0.992485 
869.000000 0.991860 
870.000000 0.991237 
871.000000 0.990615 
872.000000 0.989994 
873.000000 0.989374 
874.000000 0.988755 
875.000000 0.988137 
876.000000 0.987520 
877.000000 0.986905 
878.000000 0.986291 
879.000000 0.985677 
880.000000 0.985066 
881.000000 0.984455 
882.000000 0.983845 
883.000000 0.983237 
884.000000 0.982630 
885.000000 0.982025 
886.000000 0.981420 
887.000000 0.980817 
888.000000 0.980216 
889.000000 0.979615 
890.000000 0.979016 
891.000000 0.978419 
892.000000 0.977822 
893.000000 0.977228 
894.000000 0.976634 
895.000000 0.976042 
896.000000 0.975452 
897.000000 0.974863 
898.000000 0.974275 
899.000000 0.973689 
900.000000 0.973104 
901.000000 0.972521 
902.000000 0.971940 
903.000000 0.971360 
904.000000 0.970781 
905.000000 0.970205 
906.000000 0.969629 
907.000000 0.969056 
908.000000 0.968482 
909.000000 0.967907 
910.000000 0.967330 
911.000000 0.966751 
912.000000 0.966171 
913.000000 0.965589 
914.000000 0.965005 
915.000000 0.964421 
916.000000 0.963835 
917.000000 0.963248 
918.000000 0.962659 
919.000000 0.962070 
920.000000 0.961480 
921.000000 0.960888 
922.000000 0.960296 
923.000000 0.959702 
924.000000 0.959108 
925.000000 0.958514 
926.000000 0.957918 
927.000000 0.957322 
928.000000 0.956725 
929.000000 0.956128 
930.000000 0.955531 
931.000000 0.954933 
932.000000 0.954334 
933.000000 0.953736 
934.000000 0.953137 
935.000000 0.952538 
936.000000 0.951939 
937.000000 0.951340 
938.000000 0.950741 
939.000000 0.950141 
940.000000 0.949542 
941.000000 0.948943 
942.000000 0.948345 
943.000000 0.947746 
944.000000 0.947148 
945.000000 0.946550 
946.000000 0.945953 
947.000000 0.945356 
948.000000 0.944759 
949.000000 0.944164 
950.000000 0.943568 
951.000000 0.942973 
952.000000 0.942379 
953.000000 0.941786 
954.000000 0.941193 
955.000000 0.940602 
956.000000 0.940011 
957.000000 0.939421 
958.000000 0.938832 
959.000000 0.938244 
960.000000 0.937656 
961.000000 0.937070 
962.000000 0.936485 
963.000000 0.935902 
964.000000 0.935319 
965.000000 0.934738 
966.000000 0.934157 
967.000000 0.933579 
968.000000 0.933001 
969.000000 0.932425 
970.000000 0.931850 
971.000000 0.931277 
972.000000 0.930705 
973.000000 0.930134 
974.000000 0.929565 
975.000000 0.928998 
976.000000 0.928432 
977.000000 0.927868 
978.000000 0.927306 
979.000000 0.926745 
980.000000 0.926186 
981.000000 0.925629 
982.000000 0.925073 
983.000000 0.924519 
984.000000 0.923968 
985.000000 0.923418 
986.000000 0.922869 
987.000000 0.922323 
988.000000 0.921779 
989.000000 0.921237 
990.000000 0.920696 
991.000000 0.920158 
992.000000 0.919622 
993.000000 0.919088 
994.000000 0.918555 
995.000000 0.918025 
996.000000 0.917498 
997.000000 0.916972 
998.000000 0.916448 
999.000000 0.915927 
1000.000000 0.915408 
1001.000000 0.914891 
1002.000000 0.914376 
1003.000000 0.913863 
1004.000000 0.913353 
1005.000000 0.912845 
1006.000000 0.912339 
1007.000000 0.911836 
1008.000000 0.911335 
1009.000000 0.910837 
1010.000000 0.910340 
1011.000000 0.909846 
1012.000000 0.909355 
1013.000000 0.908866 
1014.000000 0.908379 
1015.000000 0.907895 
1016.000000 0.907413 
1017.000000 0.906933 
1018.000000 0.906457 
1019.000000 0.905982 
1020.000000 0.905510 
1021.000000 0.905040 
1022.000000 0.904573 
1023.000000 0.904109 
1024.000000 0.903647 
1025.000000 0.903187 
1026.000000 0.902730 
1027.000000 0.902275 
1028.000000 0.901823 
1029.000000 0.901374 
1030.000000 0.900927 
1031.000000 0.900482 
1032.000000 0.900040 
1033.000000 0.899601 
1034.000000 0.899164 
1035.000000 0.898729 
1036.000000 0.898297 
1037.000000 0.897868 
1038.000000 0.897441 
1039.000000 0.897017 
1040.000000 0.896595 
1041.000000 0.896176 
1042.000000 0.895759 
1043.000000 0.895344 
1044.000000 0.894932 
1045.000000 0.894523 
1046.000000 0.894116 
1047.000000 0.893712 
1048.000000 0.893310 
1049.000000 0.892910 
1050.000000 0.892513 
1051.000000 0.892119 
1052.000000 0.891727 
1053.000000 0.891337 
1054.000000 0.890950 
1055.000000 0.890565 
1056.000000 0.890182 
1057.000000 0.889802 
1058.000000 0.889424 
1059.000000 0.889049 
1060.000000 0.888676 
1061.000000 0.888305 
1062.000000 0.887937 
1063.000000 0.887571 
1064.000000 0.887207 
1065.000000 0.886845 
1066.000000 0.886486 
1067.000000 0.886129 
1068.000000 0.885774 
1069.000000 0.885421 
1070.000000 0.885070 
1071.000000 0.884722 
1072.000000 0.884376 
1073.000000 0.884031 
1074.000000 0.883689 
1075.000000 0.883349 
1076.000000 0.883011 
1077.000000 0.882675 
1078.000000 0.882341 
1079.000000 0.882009 
1080.000000 0.881679 
1081.000000 0.881351 
1082.000000 0.881025 
1083.000000 0.880700 
1084.000000 0.880378 
1085.000000 0.880057 
1086.000000 0.879738 
1087.000000 0.879421 
1088.000000 0.879106 
1089.000000 0.878792 
1090.000000 0.878480 
1091.000000 0.878169 
1092.000000 0.877860 
1093.000000 0.877553 
1094.000000 0.877247 
1095.000000 0.876943 
1096.000000 0.876640 
1097.000000 0.876339 
1098.000000 0.876039 
1099.000000 0.875741 
1100.000000 0.875444 
1101.000000 0.875148 
1102.000000 0.874853 
1103.000000 0.874560 
1104.000000 0.874267 
1105.000000 0.873976 
1106.000000 0.873686 
1107.000000 0.873397 
1108.000000 0.873110 
1109.000000 0.872823 
1110.000000 0.872537 
1111.000000 0.872252 
1112.000000 0.871967 
1113.000000 0.871684 
1114.000000 0.871402 
1115.000000 0.871120 
1116.000000 0.870838 
1117.000000 0.870558 
1118.000000 0.870278 
1119.000000 0.869999 
1120.000000 0.869720 
1121.000000 0.869441 
1122.000000 0.869163 
1123.000000 0.868886 
1124.000000 0.868608 
1125.000000 0.868331 
1126.000000 0.868054 
1127.000000 0.867778 
1128.000000 0.867501 
1129.000000 0.867225 
1130.000000 0.866948 
1131.000000 0.866672 
1132.000000 0.866395 
1133.000000 0.866118 
1134.000000 0.865841 
1135.000000 0.865564 
1136.000000 0.865286 
1137.000000 0.865008 
1138.000000 0.864730 
1139.000000 0.864451 
1140.000000 0.864171 
1141.000000 0.863891 
1142.000000 0.863611 
1143.000000 0.863329 
1144.000000 0.863047 
1145.000000 0.862764 
1146.000000 0.862480 
1147.000000 0.862195 
1148.000000 0.861909 
1149.000000 0.861622 
1150.000000 0.861334 
1151.000000 0.861044 
1152.000000 0.860754 
1153.000000 0.860462 
1154.000000 0.860168 
1155.000000 0.859873 
1156.000000 0.859577 
1157.000000 0.859279 
1158.000000 0.858980 
1159.000000 0.858681 
1160.000000 0.858381 
1161.000000 0.858081 
1162.000000 0.857781 
1163.000000 0.857481 
1164.000000 0.857180 
1165.000000 0.856880 
1166.000000 0.856579 
1167.000000 0.856278 
1168.000000 0.855976 
1169.000000 0.855675 
1170.000000 0.855373 
1171.000000 0.855071 
1172.000000 0.854769 
1173.000000 0.854467 
1174.000000 0.854165 
1175.000000 0.853862 
1176.000000 0.853560 
1177.000000 0.853257 
1178.000000 0.852954 
1179.000000 0.852651 
1180.000000 0.852348 
1181.000000 0.852044 
1182.000000 0.851741 
1183.000000 0.851437 
1184.000000 0.851134 
1185.000000 0.850830 
1186.000000 0.850526 
1187.000000 0.850222 
1188.000000 0.849918 
1189.000000 0.849614 
1190.000000 0.849310 
1191.000000 0.849006 
1192.000000 0.848702 
1193.000000 0.848397 
1194.000000 0.848093 
1195.000000 0.847789 
1196.000000 0.847484 
1197.000000 0.847180 
1198.000000 0.846875 
1199.000000 0.846571 
1200.000000 0.846266 
1201.000000 0.845962 
1202.000000 0.845657 
1203.000000 0.845353 
1204.000000 0.845048 
1205.000000 0.844744 
1206.000000 0.844440 
1207.000000 0.844135 
1208.000000 0.843831 
1209.000000 0.843526 
1210.000000 0.843222 
1211.000000 0.842918 
1212.000000 0.842614 
1213.000000 0.842310 
1214.000000 0.842006 
1215.000000 0.841702 
1216.000000 0.841398 
1217.000000 0.841094 
1218.000000 0.840790 
1219.000000 0.840486 
1220.000000 0.840183 
1221.000000 0.839879 
1222.000000 0.839576 
1223.000000 0.839273 
1224.000000 0.838970 
1225.000000 0.838667 
1226.000000 0.838364 
1227.000000 0.838061 
1228.000000 0.837758 
1229.000000 0.837456 
1230.000000 0.837154 
1231.000000 0.836851 
1232.000000 0.836549 
1233.000000 0.836247 
1234.000000 0.835946 
1235.000000 0.835644 
1236.000000 0.835343 
1237.000000 0.835041 
1238.000000 0.834740 
1239.000000 0.834440 
1240.000000 0.834139 
1241.000000 0.833838 
1242.000000 0.833538 
1243.000000 0.833238 
1244.000000 0.832938 
1245.000000 0.832638 
1246.000000 0.832339 
1247.000000 0.832040 
1248.000000 0.831741 
1249.000000 0.831442 
1250.000000 0.831143 
1251.000000 0.830845 
1252.000000 0.830547 
1253.000000 0.830249 
1254.000000 0.829952 
1255.000000 0.829654 
1256.000000 0.829357 
1257.000000 0.829060 
1258.000000 0.828764 
1259.000000 0.828467 
1260.000000 0.828171 
1261.000000 0.827876 
1262.000000 0.827580 
1263.000000 0.827285 
1264.000000 0.826990 
1265.000000 0.826696 
1266.000000 0.826401 
1267.000000 0.826107 
1268.000000 0.825813 
1269.000000 0.825520 
1270.000000 0.825227 
1271.000000 0.824934 
1272.000000 0.824642 
1273.000000 0.824350 
1274.000000 0.824058 
1275.000000 0.823766 
1276.000000 0.823475 
1277.000000 0.823184 
1278.000000 0.822894 
1279.000000 0.822604 
1280.000000 0.822314 
1281.000000 0.822024 
1282.000000 0.821735 
1283.000000 0.821447 
1284.000000 0.821158 
1285.000000 0.820870 
1286.000000 0.820582 
1287.000000 0.820295 
1288.000000 0.820008 
1289.000000 0.819722 
1290.000000 0.819435 
1291.000000 0.819150 
1292.000000 0.818864 
1293.000000 0.818579 
1294.000000 0.818295 
1295.000000 0.818010 
1296.000000 0.817726 
1297.000000 0.817443 
1298.000000 0.817160 
1299.000000 0.816877 
1300.000000 0.816595 
1301.000000 0.816313 
1302.000000 0.816032 
1303.000000 0.815751 
1304.000000 0.815470 
1305.000000 0.815190 
1306.000000 0.814910 
1307.000000 0.814631 
1308.000000 0.814352 
1309.000000 0.814074 
1310.000000 0.813796 
1311.000000 0.813518 
1312.000000 0.813241 
1313.000000 0.812964 
1314.000000 0.812688 
1315.000000 0.812412 
1316.000000 0.812137 
1317.000000 0.811862 
1318.000000 0.811588 
1319.000000 0.811314 
1320.000000 0.811040 
1321.000000 0.810767 
1322.000000 0.810494 
1323.000000 0.810222 
1324.000000 0.809951 
1325.000000 0.809679 
1326.000000 0.809409 
1327.000000 0.809138 
1328.000000 0.808869 
1329.000000 0.808599 
1330.000000 0.808331 
1331.000000 0.808062 
1332.000000 0.807794 
1333.000000 0.807527 
1334.000000 0.807260 
1335.000000 0.806994 
1336.000000 0.806728 
1337.000000 0.806463 
1338.000000 0.806198 
1339.000000 0.805933 
1340.000000 0.805669 
1341.000000 0.805406 
1342.000000 0.805143 
1343.000000 0.804881 
1344.000000 0.804619 
1345.000000 0.804358 
1346.000000 0.804097 
1347.000000 0.803836 
1348.000000 0.803577 
1349.000000 0.803317 
1350.000000 0.803059 
1351.000000 0.802800 
1352.000000 0.802543 
1353.000000 0.802285 
1354.000000 0.802029 
1355.000000 0.801773 
1356.000000 0.801517 
1357.000000 0.801262 
1358.000000 0.801007 
1359.000000 0.800753 
1360.000000 0.800500 
1361.000000 0.800247 
1362.000000 0.799994 
1363.000000 0.799742 
1364.000000 0.799491 
1365.000000 0.799240 
1366.000000 0.798990 
1367.000000 0.798740 
1368.000000 0.798491 
1369.000000 0.798242 
1370.000000 0.797994 
1371.000000 0.797747 
1372.000000 0.797500 
1373.000000 0.797253 
1374.000000 0.797007 
1375.000000 0.796762 
1376.000000 0.796517 
1377.000000 0.796273 
1378.000000 0.796029 
1379.000000 0.795786 
1380.000000 0.795543 
1381.000000 0.795301 
1382.000000 0.795060 
1383.000000 0.794819 
1384.000000 0.794578 
1385.000000 0.794339 
1386.000000 0.794099 
1387.000000 0.793861 
1388.000000 0.793622 
1389.000000 0.793385 
1390.000000 0.793148 
1391.000000 0.792911 
1392.000000 0.792675 
1393.000000 0.792440 
1394.000000 0.792205 
1395.000000 0.791971 
1396.000000 0.791737 
1397.000000 0.791504 
1398.000000 0.791272 
1399.000000 0.791040 
1400.000000 0.790808 
1401.000000 0.790578 
1402.000000 0.790347 
1403.000000 0.790118 
1404.000000 0.789888 
1405.000000 0.789660 
1406.000000 0.789432 
1407.000000 0.789204 
1408.000000 0.788978 
1409.000000 0.788752 
1410.000000 0.788528 
1411.000000 0.788305 
1412.000000 0.788083 
1413.000000 0.787862 
1414.000000 0.787643 
1415.000000 0.787424 
1416.000000 0.787207 
1417.000000 0.786990 
1418.000000 0.786775 
1419.000000 0.786561 
1420.000000 0.786348 
1421.000000 0.786136 
1422.000000 0.785926 
1423.000000 0.785716 
1424.000000 0.785508 
1425.000000 0.785300 
1426.000000 0.785094 
1427.000000 0.784889 
1428.000000 0.784685 
1429.000000 0.784482 
1430.000000 0.784280 
1431.000000 0.784079 
1432.000000 0.783880 
1433.000000 0.783681 
1434.000000 0.783483 
1435.000000 0.783287 
1436.000000 0.783092 
1437.000000 0.782897 
1438.000000 0.782704 
1439.000000 0.782512 
1440.000000 0.782320 
1441.000000 0.782130 
1442.000000 0.781941 
1443.000000 0.781753 
1444.000000 0.781566 
1445.000000 0.781380 
1446.000000 0.781195 
1447.000000 0.781012 
1448.000000 0.780829 
1449.000000 0.780647 
1450.000000 0.780466 
1451.000000 0.780286 
1452.000000 0.780107 
1453.000000 0.779930 
1454.000000 0.779753 
1455.000000 0.779577 
1456.000000 0.779402 
1457.000000 0.779228 
1458.000000 0.779055 
1459.000000 0.778884 
1460.000000 0.778713 
1461.000000 0.778543 
1462.000000 0.778374 
1463.000000 0.778206 
1464.000000 0.778039 
1465.000000 0.777873 
1466.000000 0.777708 
1467.000000 0.777544 
1468.000000 0.777380 
1469.000000 0.777218 
1470.000000 0.777057 
1471.000000 0.776897 
1472.000000 0.776737 
1473.000000 0.776579 
1474.000000 0.776421 
1475.000000 0.776264 
1476.000000 0.776108 
1477.000000 0.775954 
1478.000000 0.775800 
1479.000000 0.775647 
1480.000000 0.775494 
1481.000000 0.775343 
1482.000000 0.775193 
1483.000000 0.775043 
1484.000000 0.774895 
1485.000000 0.774747 
1486.000000 0.774600 
1487.000000 0.774454 
1488.000000 0.774309 
1489.000000 0.774165 
1490.000000 0.774021 
1491.000000 0.773878 
1492.000000 0.773737 
1493.000000 0.773596 
1494.000000 0.773456 
1495.000000 0.773316 
1496.000000 0.773178 
1497.000000 0.773040 
1498.000000 0.772904 
1499.000000 0.772768 
1500.000000 0.772632 
1501.000000 0.772498 
1502.000000 0.772364 
1503.000000 0.772232 
1504.000000 0.772100 
1505.000000 0.771968 
1506.000000 0.771838 
1507.000000 0.771708 
1508.000000 0.771579 
1509.000000 0.771451 
1510.000000 0.771324 
1511.000000 0.771197 
1512.000000 0.771071 
1513.000000 0.770946 
1514.000000 0.770822 
1515.000000 0.770698 
1516.000000 0.770575 
1517.000000 0.770453 
1518.000000 0.770331 
1519.000000 0.770210 
1520.000000 0.770090 
1521.000000 0.769971 
1522.000000 0.769852 
1523.000000 0.769734 
1524.000000 0.769617 
1525.000000 0.769500 
1526.000000 0.769384 
1527.000000 0.769269 
1528.000000 0.769154 
1529.000000 0.769040 
1530.000000 0.768927 
1531.000000 0.768815 
1532.000000 0.768703 
1533.000000 0.768591 
1534.000000 0.768480 
1535.000000 0.768370 
1536.000000 0.768261 
1537.000000 0.768152 
1538.000000 0.768044 
1539.000000 0.767936 
1540.000000 0.767829 
1541.000000 0.767723 
1542.000000 0.767617 
1543.000000 0.767512 
1544.000000 0.767407 
1545.000000 0.767303 
1546.000000 0.767199 
1547.000000 0.767096 
1548.000000 0.766994 
1549.000000 0.766892 
1550.000000 0.766791 
1551.000000 0.766690 
1552.000000 0.766590 
1553.000000 0.766490 
1554.000000 0.766391 
1555.000000 0.766292 
1556.000000 0.766194 
1557.000000 0.766097 
1558.000000 0.766000 
1559.000000 0.765903 
1560.000000 0.765807 
1561.000000 0.765711 
1562.000000 0.765616 
1563.000000 0.765521 
1564.000000 0.765427 
1565.000000 0.765333 
1566.000000 0.765240 
1567.000000 0.765147 
1568.000000 0.765055 
1569.000000 0.764963 
1570.000000 0.764871 
1571.000000 0.764780 
1572.000000 0.764690 
1573.000000 0.764599 
1574.000000 0.764509 
1575.000000 0.764420 
1576.000000 0.764331 
1577.000000 0.764242 
1578.000000 0.764154 
1579.000000 0.764066 
1580.000000 0.763978 
1581.000000 0.763891 
1582.000000 0.763804 
1583.000000 0.763718 
1584.000000 0.763632 
1585.000000 0.763546 
1586.000000 0.763461 
1587.000000 0.763376 
1588.000000 0.763291 
1589.000000 0.763206 
1590.000000 0.763122 
1591.000000 0.763038 
1592.000000 0.762955 
1593.000000 0.762871 
1594.000000 0.762788 
1595.000000 0.762706 
1596.000000 0.762623 
1597.000000 0.762541 
1598.000000 0.762459 
1599.000000 0.762378 
1600.000000 0.762296 
1601.000000 0.762215 
1602.000000 0.762134 
1603.000000 0.762053 
1604.000000 0.761973 
1605.000000 0.761892 
1606.000000 0.761812 
1607.000000 0.761733 
1608.000000 0.761653 
1609.000000 0.761573 
1610.000000 0.761494 
1611.000000 0.761415 
1612.000000 0.761336 
1613.000000 0.761257 
1614.000000 0.761178 
1615.000000 0.761100 
1616.000000 0.761021 
1617.000000 0.760943 
1618.000000 0.760865 
1619.000000 0.760787 
1620.000000 0.760709 
1621.000000 0.760631 
1622.000000 0.760554 
1623.000000 0.760476 
1624.000000 0.760399 
1625.000000 0.760321 
1626.000000 0.760244 
1627.000000 0.760166 
1628.000000 0.760089 
1629.000000 0.760012 
1630.000000 0.759935 
1631.000000 0.759858 
1632.000000 0.759780 
1633.000000 0.759703 
1634.000000 0.759626 
1635.000000 0.759549 
1636.000000 0.759472 
1637.000000 0.759395 
1638.000000 0.759318 
1639.000000 0.759241 
1640.000000 0.759164 
1641.000000 0.759087 
1642.000000 0.759009 
1643.000000 0.758932 
1644.000000 0.758855 
1645.000000 0.758777 
1646.000000 0.758700 
1647.000000 0.758622 
1648.000000 0.758545 
1649.000000 0.758467 
1650.000000 0.758389 
1651.000000 0.758311 
1652.000000 0.758233 
1653.000000 0.758155 
1654.000000 0.758077 
1655.000000 0.757998 
1656.000000 0.757920 
1657.000000 0.757841 
1658.000000 0.757762 
1659.000000 0.757683 
1660.000000 0.757604 
1661.000000 0.757526 
1662.000000 0.757447 
1663.000000 0.757368 
1664.000000 0.757289 
1665.000000 0.757211 
1666.000000 0.757132 
1667.000000 0.757053 
1668.000000 0.756975 
1669.000000 0.756896 
1670.000000 0.756817 
1671.000000 0.756739 
1672.000000 0.756660 
1673.000000 0.756582 
1674.000000 0.756504 
1675.000000 0.756425 
1676.000000 0.756347 
1677.000000 0.756269 
1678.000000 0.756190 
1679.000000 0.756112 
1680.000000 0.756034 
1681.000000 0.755956 
1682.000000 0.755878 
1683.000000 0.755800 
1684.000000 0.755722 
1685.000000 0.755644 
1686.000000 0.755567 
1687.000000 0.755489 
1688.000000 0.755411 
1689.000000 0.755334 
1690.000000 0.755256 
1691.000000 0.755179 
1692.000000 0.755102 
1693.000000 0.755024 
1694.000000 0.754947 
1695.000000 0.754870 
1696.000000 0.754793 
1697.000000 0.754716 
1698.000000 0.754639 
1699.000000 0.754563 
1700.000000 0.754486 
1701.000000 0.754410 
1702.000000 0.754333 
1703.000000 0.754257 
1704.000000 0.754180 
1705.000000 0.754104 
1706.000000 0.754028 
1707.000000 0.753952 
1708.000000 0.753876 
1709.000000 0.753800 
1710.000000 0.753725 
1711.000000 0.753649 
1712.000000 0.753574 
1713.000000 0.753498 
1714.000000 0.753423 
1715.000000 0.753348 
1716.000000 0.753273 
1717.000000 0.753198 
1718.000000 0.753123 
1719.000000 0.753049 
1720.000000 0.752974 
1721.000000 0.752900 
1722.000000 0.752825 
1723.000000 0.752751 
1724.000000 0.752677 
1725.000000 0.752603 
1726.000000 0.752529 
1727.000000 0.752455 
1728.000000 0.752382 
1729.000000 0.752308 
1730.000000 0.752235 
1731.000000 0.752162 
1732.000000 0.752089 
1733.000000 0.752016 
1734.000000 0.751943 
1735.000000 0.751870 
1736.000000 0.751798 
1737.000000 0.751725 
1738.000000 0.751653 
1739.000000 0.751581 
1740.000000 0.751509 
1741.000000 0.751437 
1742.000000 0.751365 
1743.000000 0.751294 
1744.000000 0.751222 
1745.000000 0.751151 
1746.000000 0.751080 
1747.000000 0.751009 
1748.000000 0.750938 
1749.000000 0.750867 
1750.000000 0.750797 
1751.000000 0.750726 
1752.000000 0.750656 
1753.000000 0.750586 
1754.000000 0.750516 
1755.000000 0.750446 
1756.000000 0.750376 
1757.000000 0.750307 
1758.000000 0.750237 
1759.000000 0.750168 
1760.000000 0.750099 
1761.000000 0.750030 
1762.000000 0.749961 
1763.000000 0.749893 
1764.000000 0.749824 
1765.000000 0.749756 
1766.000000 0.749688 
1767.000000 0.749620 
1768.000000 0.749552 
1769.000000 0.749484 
1770.000000 0.749417 
1771.000000 0.749349 
1772.000000 0.749282 
1773.000000 0.749215 
1774.000000 0.749148 
1775.000000 0.749081 
1776.000000 0.749015 
1777.000000 0.748948 
1778.000000 0.748882 
1779.000000 0.748816 
1780.000000 0.748750 
1781.000000 0.748684 
1782.000000 0.748619 
1783.000000 0.748553 
1784.000000 0.748488 
1785.000000 0.748423 
1786.000000 0.748358 
1787.000000 0.748293 
1788.000000 0.748228 
1789.000000 0.748164 
1790.000000 0.748100 
1791.000000 0.748035 
1792.000000 0.747971 
1793.000000 0.747908 
1794.000000 0.747844 
1795.000000 0.747780 
1796.000000 0.747717 
1797.000000 0.747654 
1798.000000 0.747591 
1799.000000 0.747528 
1800.000000 0.747465 
1801.000000 0.747403 
1802.000000 0.747340 
1803.000000 0.747278 
1804.000000 0.747216 
1805.000000 0.747154 
1806.000000 0.747092 
1807.000000 0.747031 
1808.000000 0.746969 
1809.000000 0.746908 
1810.000000 0.746847 
1811.000000 0.746786 
1812.000000 0.746725 
1813.000000 0.746665 
1814.000000 0.746604 
1815.000000 0.746544 
1816.000000 0.746484 
1817.000000 0.746424 
1818.000000 0.746364 
1819.000000 0.746304 
1820.000000 0.746245 
1821.000000 0.746185 
1822.000000 0.746126 
1823.000000 0.746067 
1824.000000 0.746008 
1825.000000 0.745949 
1826.000000 0.745891 
1827.000000 0.745832 
1828.000000 0.745774 
1829.000000 0.745716 
1830.000000 0.745658 
1831.000000 0.745600 
1832.000000 0.745543 
1833.000000 0.745485 
1834.000000 0.745428 
1835.000000 0.745370 
1836.000000 0.745313 
1837.000000 0.745256 
1838.000000 0.745200 
1839.000000 0.745143 
1840.000000 0.745086 
1841.000000 0.745030 
1842.000000 0.744974 
1843.000000 0.744918 
1844.000000 0.744862 
1845.000000 0.744806 
1846.000000 0.744750 
1847.000000 0.744695 
1848.000000 0.744639 
1849.000000 0.744584 
1850.000000 0.744529 
1851.000000 0.744474 
1852.000000 0.744419 
1853.000000 0.744364 
1854.000000 0.744310 
1855.000000 0.744255 
1856.000000 0.744201 
1857.000000 0.744147 
1858.000000 0.744093 
1859.000000 0.744039 
1860.000000 0.743985 
1861.000000 0.743931 
1862.000000 0.743878 
1863.000000 0.743824 
1864.000000 0.743771 
1865.000000 0.743718 
1866.000000 0.743665 
1867.000000 0.743612 
1868.000000 0.743559 
1869.000000 0.743506 
1870.000000 0.743454 
1871.000000 0.743401 
1872.000000 0.743349 
1873.000000 0.743296 
1874.000000 0.743244 
1875.000000 0.743192 
1876.000000 0.743140 
1877.000000 0.743088 
1878.000000 0.743036 
1879.000000 0.742985 
1880.000000 0.742933 
1881.000000 0.742882 
1882.000000 0.742830 
1883.000000 0.742779 
1884.000000 0.742728 
1885.000000 0.742677 
1886.000000 0.742626 
1887.000000 0.742575 
1888.000000 0.742524 
1889.000000 0.742473 
1890.000000 0.742423 
1891.000000 0.742372 
1892.000000 0.742322 
1893.000000 0.742271 
1894.000000 0.742221 
1895.000000 0.742171 
1896.000000 0.742121 
1897.000000 0.742071 
1898.000000 0.742021 
1899.000000 0.741971 
1900.000000 0.741921 
1901.000000 0.741871 
1902.000000 0.741821 
1903.000000 0.741771 
1904.000000 0.741722 
1905.000000 0.741672 
1906.000000 0.741623 
1907.000000 0.741573 
1908.000000 0.741524 
1909.000000 0.741475 
1910.000000 0.741426 
1911.000000 0.741377 
1912.000000 0.741328 
1913.000000 0.741280 
1914.000000 0.741232 
1915.000000 0.741184 
1916.000000 0.741136 
1917.000000 0.741088 
1918.000000 0.741041 
1919.000000 0.740993 
1920.000000 0.740946 
1921.000000 0.740899 
1922.000000 0.740852 
1923.000000 0.740806 
1924.000000 0.740759 
1925.000000 0.740713 
1926.000000 0.740666 
1927.000000 0.740620 
1928.000000 0.740575 
1929.000000 0.740529 
1930.000000 0.740483 
1931.000000 0.740438 
1932.000000 0.740393 
1933.000000 0.740347 
1934.000000 0.740302 
1935.000000 0.740258 
1936.000000 0.740213 
1937.000000 0.740168 
1938.000000 0.740124 
1939.000000 0.740080 
1940.000000 0.740036 
1941.000000 0.739992 
1942.000000 0.739948 
1943.000000 0.739904 
1944.000000 0.739861 
1945.000000 0.739817 
1946.000000 0.739774 
1947.000000 0.739731 
1948.000000 0.739688 
1949.000000 0.739645 
1950.000000 0.739602 
1951.000000 0.739560 
1952.000000 0.739517 
1953.000000 0.739475 
1954.000000 0.739432 
1955.000000 0.739390 
1956.000000 0.739348 
1957.000000 0.739306 
1958.000000 0.739265 
1959.000000 0.739223 
1960.000000 0.739181 
1961.000000 0.739140 
1962.000000 0.739099 
1963.000000 0.739057 
1964.000000 0.739016 
1965.000000 0.738975 
1966.000000 0.738934 
1967.000000 0.738894 
1968.000000 0.738853 
1969.000000 0.738812 
1970.000000 0.738772 
1971.000000 0.738732 
1972.000000 0.738691 
1973.000000 0.738651 
1974.000000 0.738611 
1975.000000 0.738571 
1976.000000 0.738531 
1977.000000 0.738491 
1978.000000 0.738452 
1979.000000 0.738412 
1980.000000 0.738372 
1981.000000 0.738333 
1982.000000 0.738294 
1983.000000 0.738254 
1984.000000 0.738215 
1985.000000 0.738176 
1986.000000 0.738137 
1987.000000 0.738098 
1988.000000 0.738059 
1989.000000 0.738021 
1990.000000 0.737982 
1991.000000 0.737943 
1992.000000 0.737905 
1993.000000 0.737866 
1994.000000 0.737828 
1995.000000 0.737790 
1996.000000 0.737751 
1997.000000 0.737713 
1998.000000 0.737675 
1999.000000 0.737637 
2000.000000 0.737599 
2001.000000 0.737561 
2002.000000 0.737523 
2003.000000 0.737486 
2004.000000 0.737448 
2005.000000 0.737410 
2006.000000 0.737373 
2007.000000 0.737335 
2008.000000 0.737298 
2009.000000 0.737260 
2010.000000 0.737223 
2011.000000 0.737186 
2012.000000 0.737148 
2013.000000 0.737111 
2014.000000 0.737074 
2015.000000 0.737037 
2016.000000 0.737000 
2017.000000 0.736963 
2018.000000 0.736926 
2019.000000 0.736889 
2020.000000 0.736852 
2021.000000 0.736815 
2022.000000 0.736779 
2023.000000 0.736742 
2024.000000 0.736705 
2025.000000 0.736669 
2026.000000 0.736632 
2027.000000 0.736595 
2028.000000 0.736559 
2029.000000 0.736522 
2030.000000 0.736486 
2031.000000 0.736450 
2032.000000 0.736413 
2033.000000 0.736377 
2034.000000 0.736341 
2035.000000 0.736304 
2036.000000 0.736268 
2037.000000 0.736232 
2038.000000 0.736196 
2039.000000 0.736160 
2040.000000 0.736123 
2041.000000 0.736087 
2042.000000 0.736051 
2043.000000 0.736015 
2044.000000 0.735979 
2045.000000 0.735943 
2046.000000 0.735907 
2047.000000 0.735871 
2048.000000 0.735835 
2049.000000 0.735800 
2050.000000 0.735764 
2051.000000 0.735728 
2052.000000 0.735692 
2053.000000 0.735656 
2054.000000 0.735620 
2055.000000 0.735584 
2056.000000 0.735549 
2057.000000 0.735513 
2058.000000 0.735477 
2059.000000 0.735441 
2060.000000 0.735406 
2061.000000 0.735370 
2062.000000 0.735334 
2063.000000 0.735299 
2064.000000 0.735263 
2065.000000 0.735227 
2066.000000 0.735191 
2067.000000 0.735156 
2068.000000 0.735120 
2069.000000 0.735084 
2070.000000 0.735049 
2071.000000 0.735013 
2072.000000 0.734977 
2073.000000 0.734942 
2074.000000 0.734906 
2075.000000 0.734870 
2076.000000 0.734835 
2077.000000 0.734799 
2078.000000 0.734764 
2079.000000 0.734728 
2080.000000 0.734692 
2081.000000 0.734657 
2082.000000 0.734621 
2083.000000 0.734585 
2084.000000 0.734549 
2085.000000 0.734514 
2086.000000 0.734478 
2087.000000 0.734442 
2088.000000 0.734407 
2089.000000 0.734371 
2090.000000 0.734335 
2091.000000 0.734299 
2092.000000 0.734264 
2093.000000 0.734228 
2094.000000 0.734192 
2095.000000 0.734156 
2096.000000 0.734121 
2097.000000 0.734085 
2098.000000 0.734049 
2099.000000 0.734013 
2100.000000 0.733977 
2101.000000 0.733941 
2102.000000 0.733905 
2103.000000 0.733870 
2104.000000 0.733834 
2105.000000 0.733798 
2106.000000 0.733762 
2107.000000 0.733726 
2108.000000 0.733690 
2109.000000 0.733654 
2110.000000 0.733618 
2111.000000 0.733582 
2112.000000 0.733545 
2113.000000 0.733509 
2114.000000 0.733473 
2115.000000 0.733437 
2116.000000 0.733401 
2117.000000 0.733365 
2118.000000 0.733328 
2119.000000 0.733292 
2120.000000 0.733256 
2121.000000 0.733220 
2122.000000 0.733183 
2123.000000 0.733147 
2124.000000 0.733110 
2125.000000 0.733074 
2126.000000 0.733038 
2127.000000 0.733001 
2128.000000 0.732965 
2129.000000 0.732928 
2130.000000 0.732891 
2131.000000 0.732855 
2132.000000 0.732818 
2133.000000 0.732782 
2134.000000 0.732745 
2135.000000 0.732708 
2136.000000 0.732671 
2137.000000 0.732635 
2138.000000 0.732598 
2139.000000 0.732561 
2140.000000 0.732524 
2141.000000 0.732487 
2142.000000 0.732450 
2143.000000 0.732413 
2144.000000 0.732376 
2145.000000 0.732339 
2146.000000 0.732302 
2147.000000 0.732265 
2148.000000 0.732228 
2149.000000 0.732190 
2150.000000 0.732153 
2151.000000 0.732116 
2152.000000 0.732078 
2153.000000 0.732041 
2154.000000 0.732004 
2155.000000 0.731966 
2156.000000 0.731929 
2157.000000 0.731891 
2158.000000 0.731854 
2159.000000 0.731816 
2160.000000 0.731778 
2161.000000 0.731741 
2162.000000 0.731703 
2163.000000 0.731665 
2164.000000 0.731627 
2165.000000 0.731589 
2166.000000 0.731551 
2167.000000 0.731514 
2168.000000 0.731476 
2169.000000 0.731438 
2170.000000 0.731399 
2171.000000 0.731361 
2172.000000 0.731323 
2173.000000 0.731285 
2174.000000 0.731247 
2175.000000 0.731209 
2176.000000 0.731170 
2177.000000 0.731132 
2178.000000 0.731094 
2179.000000 0.731056 
2180.000000 0.731017 
2181.000000 0.730979 
2182.000000 0.730940 
2183.000000 0.730902 
2184.000000 0.730864 
2185.000000 0.730825 
2186.000000 0.730787 
2187.000000 0.730748 
2188.000000 0.730709 
2189.000000 0.730671 
2190.000000 0.730632 
2191.000000 0.730594 
2192.000000 0.730555 
2193.000000 0.730517 
2194.000000 0.730478 
2195.000000 0.730439 
2196.000000 0.730401 
2197.000000 0.730362 
2198.000000 0.730323 
2199.000000 0.730284 
2200.000000 0.730246 
2201.000000 0.730207 
2202.000000 0.730168 
2203.000000 0.730130 
2204.000000 0.730091 
2205.000000 0.730052 
2206.000000 0.730013 
2207.000000 0.729974 
2208.000000 0.729936 
2209.000000 0.729897 
2210.000000 0.729858 
2211.000000 0.729819 
2212.000000 0.729780 
2213.000000 0.729742 
2214.000000 0.729703 
2215.000000 0.729664 
2216.000000 0.729625 
2217.000000 0.729586 
2218.000000 0.729547 
2219.000000 0.729509 
2220.000000 0.729470 
2221.000000 0.729431 
2222.000000 0.729392 
2223.000000 0.729353 
2224.000000 0.729315 
2225.000000 0.729276 
2226.000000 0.729237 
2227.000000 0.729198 
2228.000000 0.729159 
2229.000000 0.729121 
2230.000000 0.729082 
2231.000000 0.729043 
2232.000000 0.729004 
2233.000000 0.728965 
2234.000000 0.728927 
2235.000000 0.728888 
2236.000000 0.728849 
2237.000000 0.728810 
2238.000000 0.728772 
2239.000000 0.728733 
2240.000000 0.728694 
2241.000000 0.728655 
2242.000000 0.728617 
2243.000000 0.728578 
2244.000000 0.728539 
2245.000000 0.728501 
2246.000000 0.728462 
2247.000000 0.728423 
2248.000000 0.728385 
2249.000000 0.728346 
2250.000000 0.728307 
2251.000000 0.728269 
2252.000000 0.728230 
2253.000000 0.728192 
2254.000000 0.728153 
2255.000000 0.728114 
2256.000000 0.728076 
2257.000000 0.728037 
2258.000000 0.727999 
2259.000000 0.727960 
2260.000000 0.727922 
2261.000000 0.727883 
2262.000000 0.727845 
2263.000000 0.727806 
2264.000000 0.727768 
2265.000000 0.727729 
2266.000000 0.727691 
2267.000000 0.727653 
2268.000000 0.727614 
2269.000000 0.727576 
2270.000000 0.727538 
2271.000000 0.727499 
2272.000000 0.727461 
2273.000000 0.727423 
2274.000000 0.727384 
2275.000000 0.727346 
2276.000000 0.727308 
2277.000000 0.727269 
2278.000000 0.727231 
2279.000000 0.727193 
2280.000000 0.727155 
2281.000000 0.727117 
2282.000000 0.727078 
2283.000000 0.727040 
2284.000000 0.727002 
2285.000000 0.726964 
2286.000000 0.726926 
2287.000000 0.726888 
2288.000000 0.726850 
2289.000000 0.726812 
2290.000000 0.726774 
2291.000000 0.726735 
2292.000000 0.726697 
2293.000000 0.726659 
2294.000000 0.726621 
2295.000000 0.726583 
2296.000000 0.726545 
2297.000000 0.726507 
2298.000000 0.726470 
2299.000000 0.726432 
2300.000000 0.726394 
2301.000000 0.726356 
2302.000000 0.726318 
2303.000000 0.726280 
2304.000000 0.726242 
2305.000000 0.726204 
2306.000000 0.726166 
2307.000000 0.726129 
2308.000000 0.726091 
2309.000000 0.726053 
2310.000000 0.726015 
2311.000000 0.725977 
2312.000000 0.725940 
2313.000000 0.725902 
2314.000000 0.725864 
2315.000000 0.725826 
2316.000000 0.725789 
2317.000000 0.725751 
2318.000000 0.725713 
2319.000000 0.725676 
2320.000000 0.725638 
2321.000000 0.725600 
2322.000000 0.725562 
2323.000000 0.725525 
2324.000000 0.725487 
2325.000000 0.725449 
2326.000000 0.725412 
2327.000000 0.725374 
2328.000000 0.725337 
2329.000000 0.725299 
2330.000000 0.725261 
2331.000000 0.725224 
2332.000000 0.725186 
2333.000000 0.725148 
2334.000000 0.725111 
2335.000000 0.725073 
2336.000000 0.725036 
2337.000000 0.724998 
2338.000000 0.724960 
2339.000000 0.724923 
2340.000000 0.724885 
2341.000000 0.724848 
2342.000000 0.724810 
2343.000000 0.724772 
2344.000000 0.724735 
2345.000000 0.724697 
2346.000000 0.724660 
2347.000000 0.724622 
2348.000000 0.724584 
2349.000000 0.724547 
2350.000000 0.724509 
2351.000000 0.724471 
2352.000000 0.724434 
2353.000000 0.724396 
2354.000000 0.724358 
2355.000000 0.724321 
2356.000000 0.724283 
2357.000000 0.724245 
2358.000000 0.724208 
2359.000000 0.724170 
2360.000000 0.724132 
2361.000000 0.724095 
2362.000000 0.724057 
2363.000000 0.724019 
2364.000000 0.723981 
2365.000000 0.723944 
2366.000000 0.723906 
2367.000000 0.723868 
2368.000000 0.723830 
2369.000000 0.723792 
2370.000000 0.723754 
2371.000000 0.723717 
2372.000000 0.723679 
2373.000000 0.723641 
2374.000000 0.723603 
2375.000000 0.723565 
2376.000000 0.723527 
2377.000000 0.723489 
2378.000000 0.723451 
2379.000000 0.723413 
2380.000000 0.723375 
2381.000000 0.723336 
2382.000000 0.723298 
2383.000000 0.723260 
2384.000000 0.723222 
2385.000000 0.723184 
2386.000000 0.723145 
2387.000000 0.723107 
2388.000000 0.723069 
2389.000000 0.723030 
2390.000000 0.722992 
2391.000000 0.722954 
2392.000000 0.722915 
2393.000000 0.722877 
2394.000000 0.722838 
2395.000000 0.722800 
2396.000000 0.722761 
2397.000000 0.722722 
2398.000000 0.722684 
2399.000000 0.722645 
2400.000000 0.722606 
2401.000000 0.722567 
2402.000000 0.722528 
2403.000000 0.722489 
2404.000000 0.722450 
2405.000000 0.722411 
2406.000000 0.722372 
2407.000000 0.722333 
2408.000000 0.722294 
2409.000000 0.722255 
2410.000000 0.722215 
2411.000000 0.722176 
2412.000000 0.722137 
2413.000000 0.722098 
2414.000000 0.722058 
2415.000000 0.722019 
2416.000000 0.721979 
2417.000000 0.721940 
2418.000000 0.721900 
2419.000000 0.721861 
2420.000000 0.721821 
2421.000000 0.721782 
2422.000000 0.721742 
2423.000000 0.721702 
2424.000000 0.721662 
2425.000000 0.721623 
2426.000000 0.721583 
2427.000000 0.721543 
2428.000000 0.721503 
2429.000000 0.721463 
2430.000000 0.721423 
2431.000000 0.721383 
2432.000000 0.721343 
2433.000000 0.721303 
2434.000000 0.721263 
2435.000000 0.721223 
2436.000000 0.721183 
2437.000000 0.721143 
2438.000000 0.721102 
2439.000000 0.721062 
2440.000000 0.721022 
2441.000000 0.720981 
2442.000000 0.720941 
2443.000000 0.720900 
2444.000000 0.720860 
2445.000000 0.720819 
2446.000000 0.720779 
2447.000000 0.720738 
2448.000000 0.720697 
2449.000000 0.720657 
2450.000000 0.720616 
2451.000000 0.720575 
2452.000000 0.720534 
2453.000000 0.720493 
2454.000000 0.720452 
2455.000000 0.720412 
2456.000000 0.720370 
2457.000000 0.720329 
2458.000000 0.720288 
2459.000000 0.720247 
2460.000000 0.720206 
2461.000000 0.720165 
2462.000000 0.720123 
2463.000000 0.720082 
2464.000000 0.720041 
2465.000000 0.719999 
2466.000000 0.719958 
2467.000000 0.719916 
2468.000000 0.719875 
2469.000000 0.719833 
2470.000000 0.719791 
2471.000000 0.719750 
2472.000000 0.719708 
2473.000000 0.719666 
2474.000000 0.719624 
2475.000000 0.719582 
2476.000000 0.719540 
2477.000000 0.719498 
2478.000000 0.719456 
2479.000000 0.719414 
2480.000000 0.719372 
2481.000000 0.719330 
2482.000000 0.719287 
2483.000000 0.719245 
2484.000000 0.719203 
2485.000000 0.719160 
2486.000000 0.719118 
2487.000000 0.719075 
2488.000000 0.719032 
2489.000000 0.718990 
2490.000000 0.718947 
2491.000000 0.718904 
2492.000000 0.718862 
2493.000000 0.718819 
2494.000000 0.718776 
2495.000000 0.718733 
2496.000000 0.718690 
2497.000000 0.718647 
2498.000000 0.718603 
2499.000000 0.718560 
2500.000000 0.718517 
2501.000000 0.718474 
