1.000000 1.357584 
2.000000 1.357466 
3.000000 1.357347 
4.000000 1.357228 
5.000000 1.357108 
6.000000 1.356988 
7.000000 1.356868 
8.000000 1.356747 
9.000000 1.356626 
10.000000 1.356504 
11.000000 1.356382 
12.000000 1.356260 
13.000000 1.356137 
14.000000 1.356013 
15.000000 1.355889 
16.000000 1.355765 
17.000000 1.355641 
18.000000 1.355516 
19.000000 1.355390 
20.000000 1.355264 
21.000000 1.355138 
22.000000 1.355011 
23.000000 1.354884 
24.000000 1.354756 
25.000000 1.354628 
26.000000 1.354499 
27.000000 1.354370 
28.000000 1.354241 
29.000000 1.354111 
30.000000 1.353980 
31.000000 1.353849 
32.000000 1.353718 
33.000000 1.353586 
34.000000 1.353454 
35.000000 1.353322 
36.000000 1.353189 
37.000000 1.353055 
38.000000 1.352921 
39.000000 1.352787 
40.000000 1.352652 
41.000000 1.352516 
42.000000 1.352380 
43.000000 1.352244 
44.000000 1.352107 
45.000000 1.351970 
46.000000 1.351832 
47.000000 1.351694 
48.000000 1.351555 
49.000000 1.351416 
50.000000 1.351277 
51.000000 1.351136 
52.000000 1.350996 
53.000000 1.350855 
54.000000 1.350713 
55.000000 1.350571 
56.000000 1.350429 
57.000000 1.350286 
58.000000 1.350142 
59.000000 1.349998 
60.000000 1.349854 
61.000000 1.349709 
62.000000 1.349563 
63.000000 1.349418 
64.000000 1.349271 
65.000000 1.349124 
66.000000 1.348977 
67.000000 1.348829 
68.000000 1.348680 
69.000000 1.348531 
70.000000 1.348382 
71.000000 1.348232 
72.000000 1.348082 
73.000000 1.347931 
74.000000 1.347779 
75.000000 1.347627 
76.000000 1.347475 
77.000000 1.347322 
78.000000 1.347168 
79.000000 1.347014 
80.000000 1.346860 
81.000000 1.346705 
82.000000 1.346549 
83.000000 1.346393 
84.000000 1.346236 
85.000000 1.346079 
86.000000 1.345922 
87.000000 1.345763 
88.000000 1.345605 
89.000000 1.345445 
90.000000 1.345286 
91.000000 1.345125 
92.000000 1.344964 
93.000000 1.344803 
94.000000 1.344641 
95.000000 1.344479 
96.000000 1.344316 
97.000000 1.344152 
98.000000 1.343988 
99.000000 1.343823 
100.000000 1.343658 
101.000000 1.343492 
102.000000 1.343326 
103.000000 1.343159 
104.000000 1.342992 
105.000000 1.342824 
106.000000 1.342655 
107.000000 1.342486 
108.000000 1.342317 
109.000000 1.342146 
110.000000 1.341976 
111.000000 1.341804 
112.000000 1.341632 
113.000000 1.341460 
114.000000 1.341287 
115.000000 1.341113 
116.000000 1.340939 
117.000000 1.340765 
118.000000 1.340589 
119.000000 1.340413 
120.000000 1.340237 
121.000000 1.340060 
122.000000 1.339882 
123.000000 1.339704 
124.000000 1.339525 
125.000000 1.339346 
126.000000 1.339166 
127.000000 1.338986 
128.000000 1.338804 
129.000000 1.338623 
130.000000 1.338440 
131.000000 1.338258 
132.000000 1.338074 
133.000000 1.337890 
134.000000 1.337705 
135.000000 1.337520 
136.000000 1.337334 
137.000000 1.337148 
138.000000 1.336961 
139.000000 1.336773 
140.000000 1.336585 
141.000000 1.336396 
142.000000 1.336206 
143.000000 1.336016 
144.000000 1.335826 
145.000000 1.335634 
146.000000 1.335442 
147.000000 1.335250 
148.000000 1.335056 
149.000000 1.334863 
150.000000 1.334668 
151.000000 1.334473 
152.000000 1.334277 
153.000000 1.334081 
154.000000 1.333884 
155.000000 1.333687 
156.000000 1.333488 
157.000000 1.333290 
158.000000 1.333090 
159.000000 1.332890 
160.000000 1.332689 
161.000000 1.332488 
162.000000 1.332286 
163.000000 1.332083 
164.000000 1.331880 
165.000000 1.331676 
166.000000 1.331472 
167.000000 1.331266 
168.000000 1.331061 
169.000000 1.330854 
170.000000 1.330647 
171.000000 1.330439 
172.000000 1.330231 
173.000000 1.330022 
174.000000 1.329812 
175.000000 1.329602 
176.000000 1.329391 
177.000000 1.329179 
178.000000 1.328966 
179.000000 1.328753 
180.000000 1.328540 
181.000000 1.328325 
182.000000 1.328110 
183.000000 1.327895 
184.000000 1.327678 
185.000000 1.327461 
186.000000 1.327243 
187.000000 1.327025 
188.000000 1.326806 
189.000000 1.326586 
190.000000 1.326366 
191.000000 1.326145 
192.000000 1.325923 
193.000000 1.325700 
194.000000 1.325477 
195.000000 1.325253 
196.000000 1.325028 
197.000000 1.324803 
198.000000 1.324577 
199.000000 1.324351 
200.000000 1.324123 
201.000000 1.323895 
202.000000 1.323666 
203.000000 1.323437 
204.000000 1.323207 
205.000000 1.322976 
206.000000 1.322744 
207.000000 1.322512 
208.000000 1.322279 
209.000000 1.322045 
210.000000 1.321811 
211.000000 1.321575 
212.000000 1.321340 
213.000000 1.321103 
214.000000 1.320866 
215.000000 1.320628 
216.000000 1.320389 
217.000000 1.320149 
218.000000 1.319909 
219.000000 1.319668 
220.000000 1.319426 
221.000000 1.319184 
222.000000 1.318941 
223.000000 1.318697 
224.000000 1.318452 
225.000000 1.318207 
226.000000 1.317961 
227.000000 1.317714 
228.000000 1.317466 
229.000000 1.317218 
230.000000 1.316969 
231.000000 1.316719 
232.000000 1.316468 
233.000000 1.316217 
234.000000 1.315965 
235.000000 1.315712 
236.000000 1.315459 
237.000000 1.315204 
238.000000 1.314949 
239.000000 1.314693 
240.000000 1.314437 
241.000000 1.314179 
242.000000 1.313921 
243.000000 1.313662 
244.000000 1.313403 
245.000000 1.313142 
246.000000 1.312881 
247.000000 1.312619 
248.000000 1.312356 
249.000000 1.312093 
250.000000 1.311829 
251.000000 1.311564 
252.000000 1.311298 
253.000000 1.311031 
254.000000 1.310764 
255.000000 1.310496 
256.000000 1.310227 
257.000000 1.309957 
258.000000 1.309686 
259.000000 1.309415 
260.000000 1.309143 
261.000000 1.308870 
262.000000 1.308596 
263.000000 1.308322 
264.000000 1.308047 
265.000000 1.307771 
266.000000 1.307494 
267.000000 1.307216 
268.000000 1.306938 
269.000000 1.306659 
270.000000 1.306378 
271.000000 1.306098 
272.000000 1.305816 
273.000000 1.305534 
274.000000 1.305250 
275.000000 1.304966 
276.000000 1.304682 
277.000000 1.304396 
278.000000 1.304109 
279.000000 1.303822 
280.000000 1.303534 
281.000000 1.303245 
282.000000 1.302955 
283.000000 1.302665 
284.000000 1.302374 
285.000000 1.302081 
286.000000 1.301788 
287.000000 1.301495 
288.000000 1.301200 
289.000000 1.300905 
290.000000 1.300608 
291.000000 1.300311 
292.000000 1.300013 
293.000000 1.299715 
294.000000 1.299415 
295.000000 1.299115 
296.000000 1.298813 
297.000000 1.298511 
298.000000 1.298209 
299.000000 1.297905 
300.000000 1.297600 
301.000000 1.297295 
302.000000 1.296989 
303.000000 1.296682 
304.000000 1.296374 
305.000000 1.296065 
306.000000 1.295755 
307.000000 1.295445 
308.000000 1.295134 
309.000000 1.294822 
310.000000 1.294509 
311.000000 1.294195 
312.000000 1.293880 
313.000000 1.293565 
314.000000 1.293249 
315.000000 1.292931 
316.000000 1.292613 
317.000000 1.292294 
318.000000 1.291975 
319.000000 1.291654 
320.000000 1.291333 
321.000000 1.291010 
322.000000 1.290687 
323.000000 1.290363 
324.000000 1.290038 
325.000000 1.289713 
326.000000 1.289386 
327.000000 1.289059 
328.000000 1.288730 
329.000000 1.288401 
330.000000 1.288071 
331.000000 1.287740 
332.000000 1.287409 
333.000000 1.287076 
334.000000 1.286742 
335.000000 1.286408 
336.000000 1.286073 
337.000000 1.285737 
338.000000 1.285400 
339.000000 1.285062 
340.000000 1.284723 
341.000000 1.284384 
342.000000 1.284043 
343.000000 1.283702 
344.000000 1.283360 
345.000000 1.283017 
346.000000 1.282673 
347.000000 1.282328 
348.000000 1.281982 
349.000000 1.281635 
350.000000 1.281288 
351.000000 1.280940 
352.000000 1.280590 
353.000000 1.280240 
354.000000 1.279889 
355.000000 1.279537 
356.000000 1.279184 
357.000000 1.278831 
358.000000 1.278476 
359.000000 1.278121 
360.000000 1.277765 
361.000000 1.277407 
362.000000 1.277049 
363.000000 1.276690 
364.000000 1.276330 
365.000000 1.275969 
366.000000 1.275608 
367.000000 1.275245 
368.000000 1.274882 
369.000000 1.274517 
370.000000 1.274152 
371.000000 1.273786 
372.000000 1.273419 
373.000000 1.273051 
374.000000 1.272682 
375.000000 1.272312 
376.000000 1.271942 
377.000000 1.271570 
378.000000 1.271198 
379.000000 1.270824 
380.000000 1.270450 
381.000000 1.270075 
382.000000 1.269699 
383.000000 1.269322 
384.000000 1.268944 
385.000000 1.268565 
386.000000 1.268186 
387.000000 1.267805 
388.000000 1.267424 
389.000000 1.267041 
390.000000 1.266658 
391.000000 1.266274 
392.000000 1.265889 
393.000000 1.265503 
394.000000 1.265116 
395.000000 1.264728 
396.000000 1.264339 
397.000000 1.263949 
398.000000 1.263559 
399.000000 1.263167 
400.000000 1.262775 
401.000000 1.262382 
402.000000 1.261987 
403.000000 1.261592 
404.000000 1.261196 
405.000000 1.260799 
406.000000 1.260401 
407.000000 1.260002 
408.000000 1.259603 
409.000000 1.259202 
410.000000 1.258800 
411.000000 1.258398 
412.000000 1.257994 
413.000000 1.257590 
414.000000 1.257185 
415.000000 1.256779 
416.000000 1.256372 
417.000000 1.255964 
418.000000 1.255555 
419.000000 1.255145 
420.000000 1.254735 
421.000000 1.254323 
422.000000 1.253910 
423.000000 1.253497 
424.000000 1.253083 
425.000000 1.252667 
426.000000 1.252251 
427.000000 1.251834 
428.000000 1.251416 
429.000000 1.250997 
430.000000 1.250578 
431.000000 1.250157 
432.000000 1.249735 
433.000000 1.249313 
434.000000 1.248889 
435.000000 1.248465 
436.000000 1.248040 
437.000000 1.247613 
438.000000 1.247186 
439.000000 1.246758 
440.000000 1.246329 
441.000000 1.245900 
442.000000 1.245469 
443.000000 1.245037 
444.000000 1.244605 
445.000000 1.244171 
446.000000 1.243737 
447.000000 1.243301 
448.000000 1.242865 
449.000000 1.242428 
450.000000 1.241990 
451.000000 1.241551 
452.000000 1.241111 
453.000000 1.240671 
454.000000 1.240229 
455.000000 1.239787 
456.000000 1.239343 
457.000000 1.238899 
458.000000 1.238454 
459.000000 1.238007 
460.000000 1.237560 
461.000000 1.237112 
462.000000 1.236664 
463.000000 1.236214 
464.000000 1.235763 
465.000000 1.235312 
466.000000 1.234859 
467.000000 1.234406 
468.000000 1.233952 
469.000000 1.233496 
470.000000 1.233040 
471.000000 1.232583 
472.000000 1.232126 
473.000000 1.231667 
474.000000 1.231207 
475.000000 1.230747 
476.000000 1.230285 
477.000000 1.229823 
478.000000 1.229360 
479.000000 1.228896 
480.000000 1.228431 
481.000000 1.227965 
482.000000 1.227498 
483.000000 1.227031 
484.000000 1.226562 
485.000000 1.226093 
486.000000 1.225622 
487.000000 1.225151 
488.000000 1.224679 
489.000000 1.224206 
490.000000 1.223733 
491.000000 1.223258 
492.000000 1.222782 
493.000000 1.222306 
494.000000 1.221829 
495.000000 1.221351 
496.000000 1.220872 
497.000000 1.220392 
498.000000 1.219911 
499.000000 1.219429 
500.000000 1.218947 
501.000000 1.218463 
502.000000 1.217979 
503.000000 1.217494 
504.000000 1.217008 
505.000000 1.216521 
506.000000 1.216034 
507.000000 1.215545 
508.000000 1.215056 
509.000000 1.214565 
510.000000 1.214074 
511.000000 1.213582 
512.000000 1.213090 
513.000000 1.212596 
514.000000 1.212101 
515.000000 1.211606 
516.000000 1.211110 
517.000000 1.210613 
518.000000 1.210115 
519.000000 1.209616 
520.000000 1.209117 
521.000000 1.208616 
522.000000 1.208115 
523.000000 1.207613 
524.000000 1.207110 
525.000000 1.206606 
526.000000 1.206102 
527.000000 1.205596 
528.000000 1.205090 
529.000000 1.204583 
530.000000 1.204075 
531.000000 1.203566 
532.000000 1.203057 
533.000000 1.202546 
534.000000 1.202035 
535.000000 1.201523 
536.000000 1.201010 
537.000000 1.200497 
538.000000 1.199982 
539.000000 1.199467 
540.000000 1.198951 
541.000000 1.198434 
542.000000 1.197917 
543.000000 1.197398 
544.000000 1.196879 
545.000000 1.196359 
546.000000 1.195838 
547.000000 1.195316 
548.000000 1.194794 
549.000000 1.194271 
550.000000 1.193747 
551.000000 1.193222 
552.000000 1.192697 
553.000000 1.192170 
554.000000 1.191643 
555.000000 1.191115 
556.000000 1.190587 
557.000000 1.190057 
558.000000 1.189527 
559.000000 1.188996 
560.000000 1.188464 
561.000000 1.187932 
562.000000 1.187398 
563.000000 1.186864 
564.000000 1.186329 
565.000000 1.185794 
566.000000 1.185258 
567.000000 1.184721 
568.000000 1.184183 
569.000000 1.183644 
570.000000 1.183105 
571.000000 1.182565 
572.000000 1.182024 
573.000000 1.181483 
574.000000 1.180940 
575.000000 1.180397 
576.000000 1.179854 
577.000000 1.179309 
578.000000 1.178764 
579.000000 1.178218 
580.000000 1.177671 
581.000000 1.177124 
582.000000 1.176576 
583.000000 1.176027 
584.000000 1.175478 
585.000000 1.174928 
586.000000 1.174377 
587.000000 1.173825 
588.000000 1.173273 
589.000000 1.172720 
590.000000 1.172166 
591.000000 1.171612 
592.000000 1.171057 
593.000000 1.170501 
594.000000 1.169945 
595.000000 1.169388 
596.000000 1.168830 
597.000000 1.168271 
598.000000 1.167712 
599.000000 1.167152 
600.000000 1.166592 
601.000000 1.166031 
602.000000 1.165469 
603.000000 1.164906 
604.000000 1.164343 
605.000000 1.163779 
606.000000 1.163215 
607.000000 1.162650 
608.000000 1.162084 
609.000000 1.161518 
610.000000 1.160951 
611.000000 1.160383 
612.000000 1.159815 
613.000000 1.159246 
614.000000 1.158676 
615.000000 1.158106 
616.000000 1.157536 
617.000000 1.156964 
618.000000 1.156392 
619.000000 1.155819 
620.000000 1.155246 
621.000000 1.154672 
622.000000 1.154098 
623.000000 1.153523 
624.000000 1.152947 
625.000000 1.152371 
626.000000 1.151794 
627.000000 1.151217 
628.000000 1.150639 
629.000000 1.150060 
630.000000 1.149481 
631.000000 1.148901 
632.000000 1.148321 
633.000000 1.147740 
634.000000 1.147159 
635.000000 1.146577 
636.000000 1.145994 
637.000000 1.145411 
638.000000 1.144827 
639.000000 1.144243 
640.000000 1.143658 
641.000000 1.143073 
642.000000 1.142487 
643.000000 1.141901 
644.000000 1.141314 
645.000000 1.140727 
646.000000 1.140139 
647.000000 1.139550 
648.000000 1.138961 
649.000000 1.138372 
650.000000 1.137782 
651.000000 1.137191 
652.000000 1.136600 
653.000000 1.136009 
654.000000 1.135417 
655.000000 1.134824 
656.000000 1.134231 
657.000000 1.133638 
658.000000 1.133044 
659.000000 1.132449 
660.000000 1.131855 
661.000000 1.131259 
662.000000 1.130663 
663.000000 1.130067 
664.000000 1.129470 
665.000000 1.128873 
666.000000 1.128275 
667.000000 1.127677 
668.000000 1.127078 
669.000000 1.126479 
670.000000 1.125879 
671.000000 1.125279 
672.000000 1.124678 
673.000000 1.124078 
674.000000 1.123476 
675.000000 1.122874 
676.000000 1.122272 
677.000000 1.121669 
678.000000 1.121066 
679.000000 1.120463 
680.000000 1.119859 
681.000000 1.119255 
682.000000 1.118650 
683.000000 1.118045 
684.000000 1.117440 
685.000000 1.116834 
686.000000 1.116227 
687.000000 1.115621 
688.000000 1.115014 
689.000000 1.114406 
690.000000 1.113799 
691.000000 1.113191 
692.000000 1.112582 
693.000000 1.111973 
694.000000 1.111364 
695.000000 1.110755 
696.000000 1.110145 
697.000000 1.109535 
698.000000 1.108924 
699.000000 1.108314 
700.000000 1.107702 
701.000000 1.107091 
702.000000 1.106479 
703.000000 1.105867 
704.000000 1.105255 
705.000000 1.104642 
706.000000 1.104029 
707.000000 1.103416 
708.000000 1.102802 
709.000000 1.102188 
710.000000 1.101574 
711.000000 1.100960 
712.000000 1.100345 
713.000000 1.099730 
714.000000 1.099115 
715.000000 1.098500 
716.000000 1.097884 
717.000000 1.097268 
718.000000 1.096652 
719.000000 1.096035 
720.000000 1.095419 
721.000000 1.094802 
722.000000 1.094184 
723.000000 1.093567 
724.000000 1.092949 
725.000000 1.092332 
726.000000 1.091714 
727.000000 1.091095 
728.000000 1.090477 
729.000000 1.089858 
730.000000 1.089239 
731.000000 1.088620 
732.000000 1.088001 
733.000000 1.087381 
734.000000 1.086762 
735.000000 1.086142 
736.000000 1.085522 
737.000000 1.084902 
738.000000 1.084282 
739.000000 1.083661 
740.000000 1.083041 
741.000000 1.082420 
742.000000 1.081799 
743.000000 1.081178 
744.000000 1.080556 
745.000000 1.079935 
746.000000 1.079314 
747.000000 1.078692 
748.000000 1.078070 
749.000000 1.077448 
750.000000 1.076826 
751.000000 1.076204 
752.000000 1.075582 
753.000000 1.074960 
754.000000 1.074337 
755.000000 1.073715 
756.000000 1.073092 
757.000000 1.072470 
758.000000 1.071847 
759.000000 1.071224 
760.000000 1.070601 
761.000000 1.069978 
762.000000 1.069355 
763.000000 1.068732 
764.000000 1.068109 
765.000000 1.067485 
766.000000 1.066862 
767.000000 1.066239 
768.000000 1.065615 
769.000000 1.064992 
770.000000 1.064368 
771.000000 1.063745 
772.000000 1.063121 
773.000000 1.062498 
774.000000 1.061874 
775.000000 1.061251 
776.000000 1.060627 
777.000000 1.060003 
778.000000 1.059380 
779.000000 1.058756 
780.000000 1.058132 
781.000000 1.057509 
782.000000 1.056885 
783.000000 1.056262 
784.000000 1.055638 
785.000000 1.055014 
786.000000 1.054391 
787.000000 1.053767 
788.000000 1.053144 
789.000000 1.052521 
790.000000 1.051897 
791.000000 1.051274 
792.000000 1.050650 
793.000000 1.050027 
794.000000 1.049404 
795.000000 1.048781 
796.000000 1.048158 
797.000000 1.047535 
798.000000 1.046912 
799.000000 1.046289 
800.000000 1.045666 
801.000000 1.045044 
802.000000 1.044421 
803.000000 1.043799 
804.000000 1.043176 
805.000000 1.042554 
806.000000 1.041932 
807.000000 1.041310 
808.000000 1.040688 
809.000000 1.040066 
810.000000 1.039444 
811.000000 1.038823 
812.000000 1.038201 
813.000000 1.037580 
814.000000 1.036959 
815.000000 1.036337 
816.000000 1.035717 
817.000000 1.035096 
818.000000 1.034475 
819.000000 1.033855 
820.000000 1.033234 
821.000000 1.032614 
822.000000 1.031994 
823.000000 1.031374 
824.000000 1.030755 
825.000000 1.030135 
826.000000 1.029516 
827.000000 1.028897 
828.000000 1.028278 
829.000000 1.027659 
830.000000 1.027041 
831.000000 1.026422 
832.000000 1.025804 
833.000000 1.025186 
834.000000 1.024569 
835.000000 1.023951 
836.000000 1.023334 
837.000000 1.022717 
838.000000 1.022100 
839.000000 1.021483 
840.000000 1.020867 
841.000000 1.020251 
842.000000 1.019635 
843.000000 1.019019 
844.000000 1.018404 
845.000000 1.017789 
846.000000 1.017174 
847.000000 1.016559 
848.000000 1.015945 
849.000000 1.015331 
850.000000 1.014717 
851.000000 1.014104 
852.000000 1.013490 
853.000000 1.012877 
854.000000 1.012265 
855.000000 1.011652 
856.000000 1.011040 
857.000000 1.010428 
858.000000 1.009817 
859.000000 1.009206 
860.000000 1.008595 
861.000000 1.007984 
862.000000 1.007374 
863.000000 1.006764 
864.000000 1.006155 
865.000000 1.005545 
866.000000 1.004936 
867.000000 1.004328 
868.000000 1.003719 
869.000000 1.003111 
870.000000 1.002504 
871.000000 1.001897 
872.000000 1.001290 
873.000000 1.000683 
874.000000 1.000077 
875.000000 0.999471 
876.000000 0.998866 
877.000000 0.998261 
878.000000 0.997656 
879.000000 0.997052 
880.000000 0.996448 
881.000000 0.995844 
882.000000 0.995241 
883.000000 0.994638 
884.000000 0.994036 
885.000000 0.993434 
886.000000 0.992832 
887.000000 0.992231 
888.000000 0.991631 
889.000000 0.991030 
890.000000 0.990430 
891.000000 0.989831 
892.000000 0.989232 
893.000000 0.988633 
894.000000 0.988035 
895.000000 0.987437 
896.000000 0.986840 
897.000000 0.986243 
898.000000 0.985647 
899.000000 0.985051 
900.000000 0.984455 
901.000000 0.983860 
902.000000 0.983265 
903.000000 0.982671 
904.000000 0.982078 
905.000000 0.981484 
906.000000 0.980892 
907.000000 0.980300 
908.000000 0.979708 
909.000000 0.979117 
910.000000 0.978526 
911.000000 0.977935 
912.000000 0.977346 
913.000000 0.976756 
914.000000 0.976167 
915.000000 0.975579 
916.000000 0.974991 
917.000000 0.974404 
918.000000 0.973817 
919.000000 0.973231 
920.000000 0.972645 
921.000000 0.972059 
922.000000 0.971475 
923.000000 0.970890 
924.000000 0.970306 
925.000000 0.969723 
926.000000 0.969140 
927.000000 0.968558 
928.000000 0.967977 
929.000000 0.967395 
930.000000 0.966815 
931.000000 0.966235 
932.000000 0.965655 
933.000000 0.965076 
934.000000 0.964498 
935.000000 0.963920 
936.000000 0.963343 
937.000000 0.962766 
938.000000 0.962190 
939.000000 0.961614 
940.000000 0.961039 
941.000000 0.960464 
942.000000 0.959890 
943.000000 0.959317 
944.000000 0.958744 
945.000000 0.958172 
946.000000 0.957600 
947.000000 0.957029 
948.000000 0.956459 
949.000000 0.955889 
950.000000 0.955320 
951.000000 0.954751 
952.000000 0.954183 
953.000000 0.953615 
954.000000 0.953048 
955.000000 0.952482 
956.000000 0.951916 
957.000000 0.951351 
958.000000 0.950787 
959.000000 0.950223 
960.000000 0.949659 
961.000000 0.949097 
962.000000 0.948535 
963.000000 0.947973 
964.000000 0.947413 
965.000000 0.946852 
966.000000 0.946293 
967.000000 0.945734 
968.000000 0.945176 
969.000000 0.944618 
970.000000 0.944061 
971.000000 0.943505 
972.000000 0.942949 
973.000000 0.942394 
974.000000 0.941840 
975.000000 0.941286 
976.000000 0.940733 
977.000000 0.940180 
978.000000 0.939628 
979.000000 0.939077 
980.000000 0.938527 
981.000000 0.937977 
982.000000 0.937428 
983.000000 0.936879 
984.000000 0.936331 
985.000000 0.935784 
986.000000 0.935238 
987.000000 0.934692 
988.000000 0.934147 
989.000000 0.933602 
990.000000 0.933058 
991.000000 0.932515 
992.000000 0.931973 
993.000000 0.931431 
994.000000 0.930890 
995.000000 0.930349 
996.000000 0.929810 
997.000000 0.929271 
998.000000 0.928732 
999.000000 0.928195 
1000.000000 0.927658 
1001.000000 0.927122 
1002.000000 0.926586 
1003.000000 0.926051 
1004.000000 0.925517 
1005.000000 0.924984 
1006.000000 0.924451 
1007.000000 0.923919 
1008.000000 0.923388 
1009.000000 0.922857 
1010.000000 0.922328 
1011.000000 0.921798 
1012.000000 0.921270 
1013.000000 0.920742 
1014.000000 0.920215 
1015.000000 0.919689 
1016.000000 0.919164 
1017.000000 0.918639 
1018.000000 0.918115 
1019.000000 0.917591 
1020.000000 0.917069 
1021.000000 0.916547 
1022.000000 0.916026 
1023.000000 0.915505 
1024.000000 0.914986 
1025.000000 0.914467 
1026.000000 0.913948 
1027.000000 0.913431 
1028.000000 0.912914 
1029.000000 0.912398 
1030.000000 0.911883 
1031.000000 0.911369 
1032.000000 0.910855 
1033.000000 0.910342 
1034.000000 0.909830 
1035.000000 0.909318 
1036.000000 0.908807 
1037.000000 0.908298 
1038.000000 0.907788 
1039.000000 0.907280 
1040.000000 0.906772 
1041.000000 0.906265 
1042.000000 0.905759 
1043.000000 0.905254 
1044.000000 0.904749 
1045.000000 0.904245 
1046.000000 0.903742 
1047.000000 0.903240 
1048.000000 0.902738 
1049.000000 0.902237 
1050.000000 0.901737 
1051.000000 0.901238 
1052.000000 0.900739 
1053.000000 0.900241 
1054.000000 0.899744 
1055.000000 0.899248 
1056.000000 0.898753 
1057.000000 0.898258 
1058.000000 0.897764 
1059.000000 0.897271 
1060.000000 0.896779 
1061.000000 0.896287 
1062.000000 0.895797 
1063.000000 0.895307 
1064.000000 0.894817 
1065.000000 0.894329 
1066.000000 0.893841 
1067.000000 0.893355 
1068.000000 0.892869 
1069.000000 0.892383 
1070.000000 0.891899 
1071.000000 0.891415 
1072.000000 0.890932 
1073.000000 0.890450 
1074.000000 0.889969 
1075.000000 0.889488 
1076.000000 0.889009 
1077.000000 0.888530 
1078.000000 0.888052 
1079.000000 0.887574 
1080.000000 0.887098 
1081.000000 0.886622 
1082.000000 0.886147 
1083.000000 0.885673 
1084.000000 0.885199 
1085.000000 0.884727 
1086.000000 0.884255 
1087.000000 0.883784 
1088.000000 0.883314 
1089.000000 0.882845 
1090.000000 0.882376 
1091.000000 0.881908 
1092.000000 0.881441 
1093.000000 0.880975 
1094.000000 0.880510 
1095.000000 0.880045 
1096.000000 0.879581 
1097.000000 0.879118 
1098.000000 0.878656 
1099.000000 0.878195 
1100.000000 0.877734 
1101.000000 0.877275 
1102.000000 0.876816 
1103.000000 0.876358 
1104.000000 0.875900 
1105.000000 0.875444 
1106.000000 0.874988 
1107.000000 0.874533 
1108.000000 0.874079 
1109.000000 0.873626 
1110.000000 0.873174 
1111.000000 0.872722 
1112.000000 0.872271 
1113.000000 0.871821 
1114.000000 0.871372 
1115.000000 0.870923 
1116.000000 0.870476 
1117.000000 0.870029 
1118.000000 0.869583 
1119.000000 0.869138 
1120.000000 0.868693 
1121.000000 0.868250 
1122.000000 0.867807 
1123.000000 0.867365 
1124.000000 0.866924 
1125.000000 0.866484 
1126.000000 0.866044 
1127.000000 0.865605 
1128.000000 0.865168 
1129.000000 0.864731 
1130.000000 0.864294 
1131.000000 0.863859 
1132.000000 0.863424 
1133.000000 0.862990 
1134.000000 0.862557 
1135.000000 0.862125 
1136.000000 0.861694 
1137.000000 0.861263 
1138.000000 0.860833 
1139.000000 0.860404 
1140.000000 0.859976 
1141.000000 0.859549 
1142.000000 0.859122 
1143.000000 0.858696 
1144.000000 0.858271 
1145.000000 0.857847 
1146.000000 0.857424 
1147.000000 0.857001 
1148.000000 0.856580 
1149.000000 0.856159 
1150.000000 0.855739 
1151.000000 0.855319 
1152.000000 0.854901 
1153.000000 0.854483 
1154.000000 0.854066 
1155.000000 0.853650 
1156.000000 0.853235 
1157.000000 0.852821 
1158.000000 0.852407 
1159.000000 0.851994 
1160.000000 0.851582 
1161.000000 0.851171 
1162.000000 0.850760 
1163.000000 0.850351 
1164.000000 0.849942 
1165.000000 0.849534 
1166.000000 0.849127 
1167.000000 0.848721 
1168.000000 0.848315 
1169.000000 0.847911 
1170.000000 0.847507 
1171.000000 0.847104 
1172.000000 0.846701 
1173.000000 0.846300 
1174.000000 0.845899 
1175.000000 0.845499 
1176.000000 0.845100 
1177.000000 0.844702 
1178.000000 0.844305 
1179.000000 0.843908 
1180.000000 0.843513 
1181.000000 0.843118 
1182.000000 0.842723 
1183.000000 0.842330 
1184.000000 0.841938 
1185.000000 0.841546 
1186.000000 0.841155 
1187.000000 0.840765 
1188.000000 0.840375 
1189.000000 0.839987 
1190.000000 0.839599 
1191.000000 0.839212 
1192.000000 0.838826 
1193.000000 0.838441 
1194.000000 0.838056 
1195.000000 0.837672 
1196.000000 0.837290 
1197.000000 0.836907 
1198.000000 0.836526 
1199.000000 0.836146 
1200.000000 0.835766 
1201.000000 0.835387 
1202.000000 0.835009 
1203.000000 0.834631 
1204.000000 0.834255 
1205.000000 0.833879 
1206.000000 0.833504 
1207.000000 0.833130 
1208.000000 0.832756 
1209.000000 0.832384 
1210.000000 0.832012 
1211.000000 0.831641 
1212.000000 0.831271 
1213.000000 0.830901 
1214.000000 0.830532 
1215.000000 0.830165 
1216.000000 0.829797 
1217.000000 0.829431 
1218.000000 0.829066 
1219.000000 0.828701 
1220.000000 0.828337 
1221.000000 0.827974 
1222.000000 0.827611 
1223.000000 0.827250 
1224.000000 0.826889 
1225.000000 0.826529 
1226.000000 0.826169 
1227.000000 0.825811 
1228.000000 0.825453 
1229.000000 0.825096 
1230.000000 0.824740 
1231.000000 0.824385 
1232.000000 0.824030 
1233.000000 0.823676 
1234.000000 0.823323 
1235.000000 0.822971 
1236.000000 0.822619 
1237.000000 0.822268 
1238.000000 0.821918 
1239.000000 0.821569 
1240.000000 0.821220 
1241.000000 0.820873 
1242.000000 0.820526 
1243.000000 0.820180 
1244.000000 0.819834 
1245.000000 0.819489 
1246.000000 0.819146 
1247.000000 0.818802 
1248.000000 0.818460 
1249.000000 0.818118 
1250.000000 0.817778 
1251.000000 0.817438 
1252.000000 0.817098 
1253.000000 0.816760 
1254.000000 0.816422 
1255.000000 0.816085 
1256.000000 0.815748 
1257.000000 0.815413 
1258.000000 0.815078 
1259.000000 0.814744 
1260.000000 0.814411 
1261.000000 0.814078 
1262.000000 0.813746 
1263.000000 0.813415 
1264.000000 0.813085 
1265.000000 0.812755 
1266.000000 0.812427 
1267.000000 0.812099 
1268.000000 0.811771 
1269.000000 0.811445 
1270.000000 0.811119 
1271.000000 0.810794 
1272.000000 0.810470 
1273.000000 0.810146 
1274.000000 0.809823 
1275.000000 0.809501 
1276.000000 0.809180 
1277.000000 0.808859 
1278.000000 0.808539 
1279.000000 0.808220 
1280.000000 0.807901 
1281.000000 0.807584 
1282.000000 0.807267 
1283.000000 0.806950 
1284.000000 0.806635 
1285.000000 0.806320 
1286.000000 0.806006 
1287.000000 0.805693 
1288.000000 0.805380 
1289.000000 0.805068 
1290.000000 0.804757 
1291.000000 0.804447 
1292.000000 0.804137 
1293.000000 0.803828 
1294.000000 0.803520 
1295.000000 0.803212 
1296.000000 0.802906 
1297.000000 0.802600 
1298.000000 0.802294 
1299.000000 0.801990 
1300.000000 0.801686 
1301.000000 0.801382 
1302.000000 0.801080 
1303.000000 0.800778 
1304.000000 0.800477 
1305.000000 0.800177 
1306.000000 0.799877 
1307.000000 0.799578 
1308.000000 0.799280 
1309.000000 0.798983 
1310.000000 0.798686 
1311.000000 0.798390 
1312.000000 0.798094 
1313.000000 0.797800 
1314.000000 0.797506 
1315.000000 0.797212 
1316.000000 0.796920 
1317.000000 0.796628 
1318.000000 0.796337 
1319.000000 0.796046 
1320.000000 0.795756 
1321.000000 0.795467 
1322.000000 0.795179 
1323.000000 0.794891 
1324.000000 0.794604 
1325.000000 0.794318 
1326.000000 0.794032 
1327.000000 0.793747 
1328.000000 0.793463 
1329.000000 0.793180 
1330.000000 0.792897 
1331.000000 0.792614 
1332.000000 0.792333 
1333.000000 0.792052 
1334.000000 0.791772 
1335.000000 0.791493 
1336.000000 0.791214 
1337.000000 0.790936 
1338.000000 0.790658 
1339.000000 0.790382 
1340.000000 0.790106 
1341.000000 0.789830 
1342.000000 0.789556 
1343.000000 0.789282 
1344.000000 0.789008 
1345.000000 0.788735 
1346.000000 0.788463 
1347.000000 0.788192 
1348.000000 0.787921 
1349.000000 0.787651 
1350.000000 0.787382 
1351.000000 0.787113 
1352.000000 0.786845 
1353.000000 0.786578 
1354.000000 0.786311 
1355.000000 0.786045 
1356.000000 0.785780 
1357.000000 0.785515 
1358.000000 0.785251 
1359.000000 0.784988 
1360.000000 0.784725 
1361.000000 0.784463 
1362.000000 0.784202 
1363.000000 0.783941 
1364.000000 0.783681 
1365.000000 0.783421 
1366.000000 0.783163 
1367.000000 0.782904 
1368.000000 0.782647 
1369.000000 0.782390 
1370.000000 0.782134 
1371.000000 0.781878 
1372.000000 0.781623 
1373.000000 0.781369 
1374.000000 0.781115 
1375.000000 0.780862 
1376.000000 0.780610 
1377.000000 0.780358 
1378.000000 0.780107 
1379.000000 0.779856 
1380.000000 0.779607 
1381.000000 0.779357 
1382.000000 0.779109 
1383.000000 0.778861 
1384.000000 0.778613 
1385.000000 0.778367 
1386.000000 0.778121 
1387.000000 0.777875 
1388.000000 0.777630 
1389.000000 0.777386 
1390.000000 0.777143 
1391.000000 0.776900 
1392.000000 0.776657 
1393.000000 0.776415 
1394.000000 0.776174 
1395.000000 0.775934 
1396.000000 0.775694 
1397.000000 0.775455 
1398.000000 0.775216 
1399.000000 0.774978 
1400.000000 0.774740 
1401.000000 0.774504 
1402.000000 0.774267 
1403.000000 0.774032 
1404.000000 0.773797 
1405.000000 0.773562 
1406.000000 0.773328 
1407.000000 0.773095 
1408.000000 0.772863 
1409.000000 0.772630 
1410.000000 0.772399 
1411.000000 0.772168 
1412.000000 0.771938 
1413.000000 0.771708 
1414.000000 0.771479 
1415.000000 0.771251 
1416.000000 0.771023 
1417.000000 0.770796 
1418.000000 0.770569 
1419.000000 0.770343 
1420.000000 0.770117 
1421.000000 0.769892 
1422.000000 0.769668 
1423.000000 0.769444 
1424.000000 0.769221 
1425.000000 0.768998 
1426.000000 0.768776 
1427.000000 0.768555 
1428.000000 0.768334 
1429.000000 0.768114 
1430.000000 0.767894 
1431.000000 0.767675 
1432.000000 0.767456 
1433.000000 0.767238 
1434.000000 0.767021 
1435.000000 0.766804 
1436.000000 0.766587 
1437.000000 0.766372 
1438.000000 0.766156 
1439.000000 0.765942 
1440.000000 0.765728 
1441.000000 0.765514 
1442.000000 0.765301 
1443.000000 0.765089 
1444.000000 0.764877 
1445.000000 0.764666 
1446.000000 0.764455 
1447.000000 0.764245 
1448.000000 0.764035 
1449.000000 0.763826 
1450.000000 0.763618 
1451.000000 0.763410 
1452.000000 0.763202 
1453.000000 0.762995 
1454.000000 0.762789 
1455.000000 0.762583 
1456.000000 0.762378 
1457.000000 0.762173 
1458.000000 0.761969 
1459.000000 0.761766 
1460.000000 0.761563 
1461.000000 0.761360 
1462.000000 0.761158 
1463.000000 0.760956 
1464.000000 0.760756 
1465.000000 0.760555 
1466.000000 0.760355 
1467.000000 0.760156 
1468.000000 0.759957 
1469.000000 0.759759 
1470.000000 0.759561 
1471.000000 0.759364 
1472.000000 0.759167 
1473.000000 0.758971 
1474.000000 0.758775 
1475.000000 0.758580 
1476.000000 0.758385 
1477.000000 0.758191 
1478.000000 0.757998 
1479.000000 0.757805 
1480.000000 0.757612 
1481.000000 0.757420 
1482.000000 0.757229 
1483.000000 0.757038 
1484.000000 0.756847 
1485.000000 0.756657 
1486.000000 0.756468 
1487.000000 0.756279 
1488.000000 0.756090 
1489.000000 0.755902 
1490.000000 0.755715 
1491.000000 0.755528 
1492.000000 0.755341 
1493.000000 0.755155 
1494.000000 0.754970 
1495.000000 0.754785 
1496.000000 0.754600 
1497.000000 0.754416 
1498.000000 0.754233 
1499.000000 0.754050 
1500.000000 0.753868 
1501.000000 0.753686 
1502.000000 0.753504 
1503.000000 0.753323 
1504.000000 0.753143 
1505.000000 0.752962 
1506.000000 0.752783 
1507.000000 0.752604 
1508.000000 0.752425 
1509.000000 0.752247 
1510.000000 0.752070 
1511.000000 0.751892 
1512.000000 0.751716 
1513.000000 0.751540 
1514.000000 0.751364 
1515.000000 0.751189 
1516.000000 0.751014 
1517.000000 0.750840 
1518.000000 0.750666 
1519.000000 0.750493 
1520.000000 0.750320 
1521.000000 0.750147 
1522.000000 0.749976 
1523.000000 0.749804 
1524.000000 0.749633 
1525.000000 0.749463 
1526.000000 0.749293 
1527.000000 0.749123 
1528.000000 0.748954 
1529.000000 0.748785 
1530.000000 0.748617 
1531.000000 0.748449 
1532.000000 0.748282 
1533.000000 0.748115 
1534.000000 0.747949 
1535.000000 0.747783 
1536.000000 0.747618 
1537.000000 0.747453 
1538.000000 0.747288 
1539.000000 0.747124 
1540.000000 0.746960 
1541.000000 0.746797 
1542.000000 0.746634 
1543.000000 0.746472 
1544.000000 0.746310 
1545.000000 0.746149 
1546.000000 0.745988 
1547.000000 0.745827 
1548.000000 0.745667 
1549.000000 0.745508 
1550.000000 0.745348 
1551.000000 0.745190 
1552.000000 0.745031 
1553.000000 0.744873 
1554.000000 0.744716 
1555.000000 0.744559 
1556.000000 0.744402 
1557.000000 0.744246 
1558.000000 0.744091 
1559.000000 0.743935 
1560.000000 0.743780 
1561.000000 0.743626 
1562.000000 0.743472 
1563.000000 0.743318 
1564.000000 0.743165 
1565.000000 0.743013 
1566.000000 0.742860 
1567.000000 0.742708 
1568.000000 0.742557 
1569.000000 0.742406 
1570.000000 0.742255 
1571.000000 0.742105 
1572.000000 0.741955 
1573.000000 0.741806 
1574.000000 0.741657 
1575.000000 0.741508 
1576.000000 0.741360 
1577.000000 0.741213 
1578.000000 0.741065 
1579.000000 0.740918 
1580.000000 0.740772 
1581.000000 0.740626 
1582.000000 0.740480 
1583.000000 0.740335 
1584.000000 0.740190 
1585.000000 0.740046 
1586.000000 0.739902 
1587.000000 0.739758 
1588.000000 0.739615 
1589.000000 0.739472 
1590.000000 0.739329 
1591.000000 0.739187 
1592.000000 0.739046 
1593.000000 0.738905 
1594.000000 0.738764 
1595.000000 0.738623 
1596.000000 0.738483 
1597.000000 0.738344 
1598.000000 0.738204 
1599.000000 0.738065 
1600.000000 0.737927 
1601.000000 0.737789 
1602.000000 0.737651 
1603.000000 0.737514 
1604.000000 0.737377 
1605.000000 0.737240 
1606.000000 0.737104 
1607.000000 0.736968 
1608.000000 0.736833 
1609.000000 0.736698 
1610.000000 0.736563 
1611.000000 0.736429 
1612.000000 0.736295 
1613.000000 0.736161 
1614.000000 0.736028 
1615.000000 0.735896 
1616.000000 0.735763 
1617.000000 0.735631 
1618.000000 0.735499 
1619.000000 0.735368 
1620.000000 0.735237 
1621.000000 0.735107 
1622.000000 0.734977 
1623.000000 0.734847 
1624.000000 0.734717 
1625.000000 0.734588 
1626.000000 0.734460 
1627.000000 0.734331 
1628.000000 0.734203 
1629.000000 0.734076 
1630.000000 0.733948 
1631.000000 0.733821 
1632.000000 0.733695 
1633.000000 0.733569 
1634.000000 0.733443 
1635.000000 0.733318 
1636.000000 0.733192 
1637.000000 0.733068 
1638.000000 0.732943 
1639.000000 0.732819 
1640.000000 0.732696 
1641.000000 0.732572 
1642.000000 0.732449 
1643.000000 0.732327 
1644.000000 0.732204 
1645.000000 0.732082 
1646.000000 0.731961 
1647.000000 0.731839 
1648.000000 0.731719 
1649.000000 0.731598 
1650.000000 0.731478 
1651.000000 0.731358 
1652.000000 0.731238 
1653.000000 0.731119 
1654.000000 0.731000 
1655.000000 0.730882 
1656.000000 0.730764 
1657.000000 0.730646 
1658.000000 0.730528 
1659.000000 0.730411 
1660.000000 0.730294 
1661.000000 0.730178 
1662.000000 0.730061 
1663.000000 0.729946 
1664.000000 0.729830 
1665.000000 0.729715 
1666.000000 0.729600 
1667.000000 0.729485 
1668.000000 0.729371 
1669.000000 0.729257 
1670.000000 0.729144 
1671.000000 0.729030 
1672.000000 0.728917 
1673.000000 0.728805 
1674.000000 0.728693 
1675.000000 0.728581 
1676.000000 0.728469 
1677.000000 0.728358 
1678.000000 0.728247 
1679.000000 0.728136 
1680.000000 0.728026 
1681.000000 0.727915 
1682.000000 0.727806 
1683.000000 0.727696 
1684.000000 0.727587 
1685.000000 0.727478 
1686.000000 0.727370 
1687.000000 0.727262 
1688.000000 0.727154 
1689.000000 0.727046 
1690.000000 0.726939 
1691.000000 0.726832 
1692.000000 0.726725 
1693.000000 0.726619 
1694.000000 0.726513 
1695.000000 0.726407 
1696.000000 0.726302 
1697.000000 0.726197 
1698.000000 0.726092 
1699.000000 0.725987 
1700.000000 0.725883 
1701.000000 0.725779 
1702.000000 0.725675 
1703.000000 0.725572 
1704.000000 0.725469 
1705.000000 0.725366 
1706.000000 0.725264 
1707.000000 0.725162 
1708.000000 0.725060 
1709.000000 0.724958 
1710.000000 0.724857 
1711.000000 0.724756 
1712.000000 0.724655 
1713.000000 0.724555 
1714.000000 0.724455 
1715.000000 0.724355 
1716.000000 0.724256 
1717.000000 0.724156 
1718.000000 0.724057 
1719.000000 0.723959 
1720.000000 0.723860 
1721.000000 0.723762 
1722.000000 0.723665 
1723.000000 0.723567 
1724.000000 0.723470 
1725.000000 0.723373 
1726.000000 0.723276 
1727.000000 0.723180 
1728.000000 0.723084 
1729.000000 0.722988 
1730.000000 0.722892 
1731.000000 0.722797 
1732.000000 0.722702 
1733.000000 0.722607 
1734.000000 0.722513 
1735.000000 0.722419 
1736.000000 0.722325 
1737.000000 0.722231 
1738.000000 0.722138 
1739.000000 0.722045 
1740.000000 0.721952 
1741.000000 0.721859 
1742.000000 0.721767 
1743.000000 0.721675 
1744.000000 0.721583 
1745.000000 0.721492 
1746.000000 0.721401 
1747.000000 0.721310 
1748.000000 0.721219 
1749.000000 0.721129 
1750.000000 0.721039 
1751.000000 0.720949 
1752.000000 0.720859 
1753.000000 0.720770 
1754.000000 0.720681 
1755.000000 0.720592 
1756.000000 0.720503 
1757.000000 0.720415 
1758.000000 0.720327 
1759.000000 0.720239 
1760.000000 0.720152 
1761.000000 0.720064 
1762.000000 0.719977 
1763.000000 0.719890 
1764.000000 0.719804 
1765.000000 0.719718 
1766.000000 0.719632 
1767.000000 0.719546 
1768.000000 0.719460 
1769.000000 0.719375 
1770.000000 0.719290 
1771.000000 0.719205 
1772.000000 0.719121 
1773.000000 0.719037 
1774.000000 0.718953 
1775.000000 0.718869 
1776.000000 0.718785 
1777.000000 0.718702 
1778.000000 0.718619 
1779.000000 0.718536 
1780.000000 0.718454 
1781.000000 0.718371 
1782.000000 0.718289 
1783.000000 0.718208 
1784.000000 0.718126 
1785.000000 0.718045 
1786.000000 0.717964 
1787.000000 0.717883 
1788.000000 0.717802 
1789.000000 0.717722 
1790.000000 0.717642 
1791.000000 0.717562 
1792.000000 0.717482 
1793.000000 0.717403 
1794.000000 0.717323 
1795.000000 0.717244 
1796.000000 0.717166 
1797.000000 0.717087 
1798.000000 0.717009 
1799.000000 0.716931 
1800.000000 0.716853 
1801.000000 0.716776 
1802.000000 0.716698 
1803.000000 0.716621 
1804.000000 0.716544 
1805.000000 0.716468 
1806.000000 0.716391 
1807.000000 0.716315 
1808.000000 0.716239 
1809.000000 0.716163 
1810.000000 0.716088 
1811.000000 0.716012 
1812.000000 0.715937 
1813.000000 0.715862 
1814.000000 0.715788 
1815.000000 0.715713 
1816.000000 0.715639 
1817.000000 0.715565 
1818.000000 0.715491 
1819.000000 0.715418 
1820.000000 0.715344 
1821.000000 0.715271 
1822.000000 0.715198 
1823.000000 0.715126 
1824.000000 0.715053 
1825.000000 0.714981 
1826.000000 0.714909 
1827.000000 0.714837 
1828.000000 0.714765 
1829.000000 0.714694 
1830.000000 0.714623 
1831.000000 0.714552 
1832.000000 0.714481 
1833.000000 0.714411 
1834.000000 0.714340 
1835.000000 0.714270 
1836.000000 0.714200 
1837.000000 0.714130 
1838.000000 0.714061 
1839.000000 0.713992 
1840.000000 0.713922 
1841.000000 0.713853 
1842.000000 0.713785 
1843.000000 0.713716 
1844.000000 0.713648 
1845.000000 0.713580 
1846.000000 0.713512 
1847.000000 0.713444 
1848.000000 0.713377 
1849.000000 0.713309 
1850.000000 0.713242 
1851.000000 0.713176 
1852.000000 0.713109 
1853.000000 0.713042 
1854.000000 0.712976 
1855.000000 0.712910 
1856.000000 0.712844 
1857.000000 0.712778 
1858.000000 0.712713 
1859.000000 0.712647 
1860.000000 0.712582 
1861.000000 0.712517 
1862.000000 0.712453 
1863.000000 0.712388 
1864.000000 0.712324 
1865.000000 0.712259 
1866.000000 0.712195 
1867.000000 0.712132 
1868.000000 0.712068 
1869.000000 0.712005 
1870.000000 0.711941 
1871.000000 0.711878 
1872.000000 0.711815 
1873.000000 0.711753 
1874.000000 0.711690 
1875.000000 0.711628 
1876.000000 0.711566 
1877.000000 0.711504 
1878.000000 0.711442 
1879.000000 0.711381 
1880.000000 0.711319 
1881.000000 0.711258 
1882.000000 0.711197 
1883.000000 0.711136 
1884.000000 0.711075 
1885.000000 0.711015 
1886.000000 0.710955 
1887.000000 0.710894 
1888.000000 0.710835 
1889.000000 0.710775 
1890.000000 0.710715 
1891.000000 0.710656 
1892.000000 0.710596 
1893.000000 0.710537 
1894.000000 0.710478 
1895.000000 0.710420 
1896.000000 0.710361 
1897.000000 0.710303 
1898.000000 0.710245 
1899.000000 0.710186 
1900.000000 0.710129 
1901.000000 0.710071 
1902.000000 0.710013 
1903.000000 0.709956 
1904.000000 0.709899 
1905.000000 0.709842 
1906.000000 0.709785 
1907.000000 0.709728 
1908.000000 0.709672 
1909.000000 0.709615 
1910.000000 0.709559 
1911.000000 0.709503 
1912.000000 0.709447 
1913.000000 0.709392 
1914.000000 0.709336 
1915.000000 0.709281 
1916.000000 0.709225 
1917.000000 0.709170 
1918.000000 0.709115 
1919.000000 0.709061 
1920.000000 0.709006 
1921.000000 0.708952 
1922.000000 0.708898 
1923.000000 0.708843 
1924.000000 0.708790 
1925.000000 0.708736 
1926.000000 0.708682 
1927.000000 0.708629 
1928.000000 0.708575 
1929.000000 0.708522 
1930.000000 0.708469 
1931.000000 0.708417 
1932.000000 0.708364 
1933.000000 0.708311 
1934.000000 0.708259 
1935.000000 0.708207 
1936.000000 0.708155 
1937.000000 0.708103 
1938.000000 0.708051 
1939.000000 0.708000 
1940.000000 0.707948 
1941.000000 0.707897 
1942.000000 0.707846 
1943.000000 0.707795 
1944.000000 0.707744 
1945.000000 0.707693 
1946.000000 0.707643 
1947.000000 0.707593 
1948.000000 0.707542 
1949.000000 0.707492 
1950.000000 0.707442 
1951.000000 0.707393 
1952.000000 0.707343 
1953.000000 0.707294 
1954.000000 0.707244 
1955.000000 0.707195 
1956.000000 0.707146 
1957.000000 0.707097 
1958.000000 0.707048 
1959.000000 0.707000 
1960.000000 0.706951 
1961.000000 0.706903 
1962.000000 0.706855 
1963.000000 0.706807 
1964.000000 0.706759 
1965.000000 0.706711 
1966.000000 0.706664 
1967.000000 0.706616 
1968.000000 0.706569 
1969.000000 0.706522 
1970.000000 0.706475 
1971.000000 0.706428 
1972.000000 0.706381 
1973.000000 0.706335 
1974.000000 0.706288 
1975.000000 0.706242 
1976.000000 0.706196 
1977.000000 0.706150 
1978.000000 0.706104 
1979.000000 0.706058 
1980.000000 0.706013 
1981.000000 0.705967 
1982.000000 0.705922 
1983.000000 0.705877 
1984.000000 0.705832 
1985.000000 0.705787 
1986.000000 0.705742 
1987.000000 0.705697 
1988.000000 0.705653 
1989.000000 0.705608 
1990.000000 0.705564 
1991.000000 0.705520 
1992.000000 0.705476 
1993.000000 0.705432 
1994.000000 0.705389 
1995.000000 0.705345 
1996.000000 0.705302 
1997.000000 0.705258 
1998.000000 0.705215 
1999.000000 0.705172 
2000.000000 0.705129 
2001.000000 0.705086 
2002.000000 0.705044 
2003.000000 0.705001 
2004.000000 0.704959 
2005.000000 0.704916 
2006.000000 0.704874 
2007.000000 0.704832 
2008.000000 0.704790 
2009.000000 0.704748 
2010.000000 0.704707 
2011.000000 0.704665 
2012.000000 0.704624 
2013.000000 0.704583 
2014.000000 0.704541 
2015.000000 0.704500 
2016.000000 0.704460 
2017.000000 0.704419 
2018.000000 0.704378 
2019.000000 0.704338 
2020.000000 0.704297 
2021.000000 0.704257 
2022.000000 0.704217 
2023.000000 0.704177 
2024.000000 0.704137 
2025.000000 0.704097 
2026.000000 0.704057 
2027.000000 0.704018 
2028.000000 0.703978 
2029.000000 0.703939 
2030.000000 0.703900 
2031.000000 0.703861 
2032.000000 0.703822 
2033.000000 0.703783 
2034.000000 0.703744 
2035.000000 0.703706 
2036.000000 0.703667 
2037.000000 0.703629 
2038.000000 0.703591 
2039.000000 0.703553 
2040.000000 0.703515 
2041.000000 0.703477 
2042.000000 0.703439 
2043.000000 0.703401 
2044.000000 0.703364 
2045.000000 0.703326 
2046.000000 0.703289 
2047.000000 0.703252 
2048.000000 0.703215 
2049.000000 0.703178 
2050.000000 0.703141 
2051.000000 0.703104 
2052.000000 0.703067 
2053.000000 0.703031 
2054.000000 0.702994 
2055.000000 0.702958 
2056.000000 0.702922 
2057.000000 0.702886 
2058.000000 0.702850 
2059.000000 0.702814 
2060.000000 0.702778 
2061.000000 0.702742 
2062.000000 0.702707 
2063.000000 0.702671 
2064.000000 0.702636 
2065.000000 0.702601 
2066.000000 0.702566 
2067.000000 0.702531 
2068.000000 0.702496 
2069.000000 0.702461 
2070.000000 0.702426 
2071.000000 0.702392 
2072.000000 0.702357 
2073.000000 0.702323 
2074.000000 0.702289 
2075.000000 0.702255 
2076.000000 0.702220 
2077.000000 0.702186 
2078.000000 0.702153 
2079.000000 0.702119 
2080.000000 0.702085 
2081.000000 0.702052 
2082.000000 0.702018 
2083.000000 0.701985 
2084.000000 0.701952 
2085.000000 0.701918 
2086.000000 0.701885 
2087.000000 0.701853 
2088.000000 0.701820 
2089.000000 0.701787 
2090.000000 0.701754 
2091.000000 0.701722 
2092.000000 0.701689 
2093.000000 0.701657 
2094.000000 0.701625 
2095.000000 0.701593 
2096.000000 0.701560 
2097.000000 0.701529 
2098.000000 0.701497 
2099.000000 0.701465 
2100.000000 0.701433 
2101.000000 0.701402 
2102.000000 0.701370 
2103.000000 0.701339 
2104.000000 0.701308 
2105.000000 0.701276 
2106.000000 0.701245 
2107.000000 0.701214 
2108.000000 0.701183 
2109.000000 0.701153 
2110.000000 0.701122 
2111.000000 0.701091 
2112.000000 0.701061 
2113.000000 0.701030 
2114.000000 0.701000 
2115.000000 0.700970 
2116.000000 0.700939 
2117.000000 0.700909 
2118.000000 0.700879 
2119.000000 0.700849 
2120.000000 0.700820 
2121.000000 0.700790 
2122.000000 0.700760 
2123.000000 0.700731 
2124.000000 0.700701 
2125.000000 0.700672 
2126.000000 0.700643 
2127.000000 0.700613 
2128.000000 0.700584 
2129.000000 0.700555 
2130.000000 0.700526 
2131.000000 0.700498 
2132.000000 0.700469 
2133.000000 0.700440 
2134.000000 0.700412 
2135.000000 0.700383 
2136.000000 0.700355 
2137.000000 0.700326 
2138.000000 0.700298 
2139.000000 0.700270 
2140.000000 0.700242 
2141.000000 0.700214 
2142.000000 0.700186 
2143.000000 0.700158 
2144.000000 0.700130 
2145.000000 0.700103 
2146.000000 0.700075 
2147.000000 0.700048 
2148.000000 0.700020 
2149.000000 0.699993 
2150.000000 0.699966 
2151.000000 0.699939 
2152.000000 0.699912 
2153.000000 0.699885 
2154.000000 0.699858 
2155.000000 0.699831 
2156.000000 0.699804 
2157.000000 0.699777 
2158.000000 0.699751 
2159.000000 0.699724 
2160.000000 0.699698 
2161.000000 0.699671 
2162.000000 0.699645 
2163.000000 0.699619 
2164.000000 0.699593 
2165.000000 0.699567 
2166.000000 0.699541 
2167.000000 0.699515 
2168.000000 0.699489 
2169.000000 0.699463 
2170.000000 0.699438 
2171.000000 0.699412 
2172.000000 0.699387 
2173.000000 0.699361 
2174.000000 0.699336 
2175.000000 0.699311 
2176.000000 0.699285 
2177.000000 0.699260 
2178.000000 0.699235 
2179.000000 0.699210 
2180.000000 0.699185 
2181.000000 0.699160 
2182.000000 0.699136 
2183.000000 0.699111 
2184.000000 0.699086 
2185.000000 0.699062 
2186.000000 0.699037 
2187.000000 0.699013 
2188.000000 0.698989 
2189.000000 0.698965 
2190.000000 0.698940 
2191.000000 0.698916 
2192.000000 0.698892 
2193.000000 0.698868 
2194.000000 0.698844 
2195.000000 0.698821 
2196.000000 0.698797 
2197.000000 0.698773 
2198.000000 0.698750 
2199.000000 0.698726 
2200.000000 0.698703 
2201.000000 0.698679 
2202.000000 0.698656 
2203.000000 0.698633 
2204.000000 0.698610 
2205.000000 0.698587 
2206.000000 0.698564 
2207.000000 0.698541 
2208.000000 0.698518 
2209.000000 0.698495 
2210.000000 0.698472 
2211.000000 0.698450 
2212.000000 0.698427 
2213.000000 0.698404 
2214.000000 0.698382 
2215.000000 0.698360 
2216.000000 0.698337 
2217.000000 0.698315 
2218.000000 0.698293 
2219.000000 0.698271 
2220.000000 0.698249 
2221.000000 0.698227 
2222.000000 0.698205 
2223.000000 0.698183 
2224.000000 0.698161 
2225.000000 0.698139 
2226.000000 0.698118 
2227.000000 0.698096 
2228.000000 0.698075 
2229.000000 0.698053 
2230.000000 0.698032 
2231.000000 0.698011 
2232.000000 0.697989 
2233.000000 0.697968 
2234.000000 0.697947 
2235.000000 0.697926 
2236.000000 0.697905 
2237.000000 0.697884 
2238.000000 0.697863 
2239.000000 0.697842 
2240.000000 0.697822 
2241.000000 0.697801 
2242.000000 0.697780 
2243.000000 0.697760 
2244.000000 0.697739 
2245.000000 0.697719 
2246.000000 0.697698 
2247.000000 0.697678 
2248.000000 0.697658 
2249.000000 0.697638 
2250.000000 0.697618 
2251.000000 0.697598 
2252.000000 0.697578 
2253.000000 0.697558 
2254.000000 0.697538 
2255.000000 0.697518 
2256.000000 0.697498 
2257.000000 0.697479 
2258.000000 0.697459 
2259.000000 0.697439 
2260.000000 0.697420 
2261.000000 0.697401 
2262.000000 0.697381 
2263.000000 0.697362 
2264.000000 0.697343 
2265.000000 0.697323 
2266.000000 0.697304 
2267.000000 0.697285 
2268.000000 0.697266 
2269.000000 0.697247 
2270.000000 0.697228 
2271.000000 0.697209 
2272.000000 0.697191 
2273.000000 0.697172 
2274.000000 0.697153 
2275.000000 0.697135 
2276.000000 0.697116 
2277.000000 0.697097 
2278.000000 0.697079 
2279.000000 0.697061 
2280.000000 0.697042 
2281.000000 0.697024 
2282.000000 0.697006 
2283.000000 0.696988 
2284.000000 0.696970 
2285.000000 0.696951 
2286.000000 0.696933 
2287.000000 0.696916 
2288.000000 0.696898 
2289.000000 0.696880 
2290.000000 0.696862 
2291.000000 0.696844 
2292.000000 0.696827 
2293.000000 0.696809 
2294.000000 0.696791 
2295.000000 0.696774 
2296.000000 0.696757 
2297.000000 0.696739 
2298.000000 0.696722 
2299.000000 0.696705 
2300.000000 0.696687 
2301.000000 0.696670 
2302.000000 0.696653 
2303.000000 0.696636 
2304.000000 0.696619 
2305.000000 0.696602 
2306.000000 0.696585 
2307.000000 0.696568 
2308.000000 0.696551 
2309.000000 0.696535 
2310.000000 0.696518 
2311.000000 0.696501 
2312.000000 0.696485 
2313.000000 0.696468 
2314.000000 0.696452 
2315.000000 0.696435 
2316.000000 0.696419 
2317.000000 0.696402 
2318.000000 0.696386 
2319.000000 0.696370 
2320.000000 0.696354 
2321.000000 0.696337 
2322.000000 0.696321 
2323.000000 0.696305 
2324.000000 0.696289 
2325.000000 0.696273 
2326.000000 0.696257 
2327.000000 0.696242 
2328.000000 0.696226 
2329.000000 0.696210 
2330.000000 0.696194 
2331.000000 0.696179 
2332.000000 0.696163 
2333.000000 0.696147 
2334.000000 0.696132 
2335.000000 0.696116 
2336.000000 0.696101 
2337.000000 0.696086 
2338.000000 0.696070 
2339.000000 0.696055 
2340.000000 0.696040 
2341.000000 0.696025 
2342.000000 0.696009 
2343.000000 0.695994 
2344.000000 0.695979 
2345.000000 0.695964 
2346.000000 0.695949 
2347.000000 0.695934 
2348.000000 0.695920 
2349.000000 0.695905 
2350.000000 0.695890 
2351.000000 0.695875 
2352.000000 0.695861 
2353.000000 0.695846 
2354.000000 0.695831 
2355.000000 0.695817 
2356.000000 0.695802 
2357.000000 0.695788 
2358.000000 0.695773 
2359.000000 0.695759 
2360.000000 0.695745 
2361.000000 0.695730 
2362.000000 0.695716 
2363.000000 0.695702 
2364.000000 0.695688 
2365.000000 0.695674 
2366.000000 0.695660 
2367.000000 0.695646 
2368.000000 0.695632 
2369.000000 0.695618 
2370.000000 0.695604 
2371.000000 0.695590 
2372.000000 0.695576 
2373.000000 0.695562 
2374.000000 0.695549 
2375.000000 0.695535 
2376.000000 0.695521 
2377.000000 0.695508 
2378.000000 0.695494 
2379.000000 0.695481 
2380.000000 0.695467 
2381.000000 0.695454 
2382.000000 0.695440 
2383.000000 0.695427 
2384.000000 0.695414 
2385.000000 0.695400 
2386.000000 0.695387 
2387.000000 0.695374 
2388.000000 0.695361 
2389.000000 0.695348 
2390.000000 0.695334 
2391.000000 0.695321 
2392.000000 0.695308 
2393.000000 0.695295 
2394.000000 0.695283 
2395.000000 0.695270 
2396.000000 0.695257 
2397.000000 0.695244 
2398.000000 0.695231 
2399.000000 0.695218 
2400.000000 0.695206 
2401.000000 0.695193 
2402.000000 0.695181 
2403.000000 0.695168 
2404.000000 0.695155 
2405.000000 0.695143 
2406.000000 0.695130 
2407.000000 0.695118 
2408.000000 0.695106 
2409.000000 0.695093 
2410.000000 0.695081 
2411.000000 0.695069 
2412.000000 0.695056 
2413.000000 0.695044 
2414.000000 0.695032 
2415.000000 0.695020 
2416.000000 0.695008 
2417.000000 0.694996 
2418.000000 0.694984 
2419.000000 0.694972 
2420.000000 0.694960 
2421.000000 0.694948 
2422.000000 0.694936 
2423.000000 0.694924 
2424.000000 0.694912 
2425.000000 0.694901 
2426.000000 0.694889 
2427.000000 0.694877 
2428.000000 0.694866 
2429.000000 0.694854 
2430.000000 0.694842 
2431.000000 0.694831 
2432.000000 0.694819 
2433.000000 0.694808 
2434.000000 0.694796 
2435.000000 0.694785 
2436.000000 0.694774 
2437.000000 0.694762 
2438.000000 0.694751 
2439.000000 0.694740 
2440.000000 0.694728 
2441.000000 0.694717 
2442.000000 0.694706 
2443.000000 0.694695 
2444.000000 0.694684 
2445.000000 0.694673 
2446.000000 0.694662 
2447.000000 0.694651 
2448.000000 0.694640 
2449.000000 0.694629 
2450.000000 0.694618 
2451.000000 0.694607 
2452.000000 0.694596 
2453.000000 0.694585 
2454.000000 0.694575 
2455.000000 0.694564 
2456.000000 0.694553 
2457.000000 0.694543 
2458.000000 0.694532 
2459.000000 0.694521 
2460.000000 0.694511 
2461.000000 0.694500 
2462.000000 0.694490 
2463.000000 0.694479 
2464.000000 0.694469 
2465.000000 0.694458 
2466.000000 0.694448 
2467.000000 0.694438 
2468.000000 0.694427 
2469.000000 0.694417 
2470.000000 0.694407 
2471.000000 0.694397 
2472.000000 0.694386 
2473.000000 0.694376 
2474.000000 0.694366 
2475.000000 0.694356 
2476.000000 0.694346 
2477.000000 0.694336 
2478.000000 0.694326 
2479.000000 0.694316 
2480.000000 0.694306 
2481.000000 0.694296 
2482.000000 0.694286 
2483.000000 0.694276 
2484.000000 0.694267 
2485.000000 0.694257 
2486.000000 0.694247 
2487.000000 0.694237 
2488.000000 0.694228 
2489.000000 0.694218 
2490.000000 0.694208 
2491.000000 0.694199 
2492.000000 0.694189 
2493.000000 0.694180 
2494.000000 0.694170 
2495.000000 0.694161 
2496.000000 0.694151 
2497.000000 0.694142 
2498.000000 0.694132 
2499.000000 0.694123 
2500.000000 0.694114 
2501.000000 0.694104 
